   9.0594855e-01   2.0900000e+02
   7.5780548e-01  -1.4000000e+02
   8.9626587e-01  -9.9000000e+01
  -7.1688820e-01  -2.9200000e+02
   8.4050810e-01  -2.1400000e+02
  -6.7610828e-01  -3.3800000e+02
   8.1721879e-01  -3.6100000e+02
   6.0933974e-01  -2.8700000e+02
   8.7841688e-01  -3.3800000e+02
   5.2006826e-01  -7.6000000e+01
   6.2977061e-01  -2.5000000e+02
   7.5997590e-01   2.9400000e+02
   6.5922848e-01  -2.7900000e+02
   6.9687443e-01  -1.2000000e+02
  -6.8039824e-01  -1.9300000e+02
   7.0506233e-01  -2.4800000e+02
  -6.4492482e-01  -2.7900000e+02
   7.8611071e-01  -4.0300000e+02
  -6.1433461e-01  -1.3500000e+02
  -8.2900582e-01   1.0000000e+00
  -9.4433290e-01  -1.7000000e+01
   6.4161828e-01  -1.8100000e+02
   9.7001530e-01   3.8900000e+02
  -5.9753467e-01  -4.0900000e+02
  -9.2337895e-01   1.0000000e+00
  -5.8995738e-01   1.6800000e+02
  -9.1494792e-01  -2.4800000e+02
  -6.9448126e-01   3.1300000e+02
   8.6374537e-01   5.2000000e+01
  -7.5401379e-01  -1.4200000e+02
  -1.3263155e+00  -2.9000000e+01
  -7.0307514e-01  -4.4800000e+02
  -9.0081637e-01   2.6400000e+02
   5.6731251e-01   3.4400000e+02
  -7.6904438e-01   2.3600000e+02
  -5.7466223e-01   2.7900000e+02
  -7.2037277e-01  -1.0800000e+02
  -5.7550877e-01  -1.5100000e+02
   7.5580660e-01   8.6000000e+01
  -5.9840373e-01   1.3700000e+02
   6.7154708e-01   4.7000000e+01
  -5.9729646e-01   2.6600000e+02
  -6.3466054e-01  -2.0000000e+02
  -7.7673390e-01  -3.2800000e+02
  -7.0040042e-01  -5.7000000e+01
   7.6863656e-01  -1.8100000e+02
  -7.2181235e-01  -2.5600000e+02
   7.3047756e-01  -1.3800000e+02
   7.6590581e-01   4.0000000e+00
   7.2145267e-01   1.6000000e+01
  -8.0528154e-01   3.2200000e+02
  -6.7886972e-01  -1.8100000e+02
   7.1539661e-01  -5.2400000e+02
  -6.3553190e-01   1.5000000e+01
  -6.3572440e-01  -2.9000000e+01
   6.3910909e-01   4.0000000e+01
  -5.9143338e-01   3.0100000e+02
  -5.9294724e-01  -1.8300000e+02
   7.8118952e-01  -2.5900000e+02
  -6.2563393e-01   5.7000000e+01
   8.1958816e-01  -3.3000000e+01
   6.4832985e-01   1.1600000e+02
   9.5518824e-01   2.8400000e+02
  -8.1172760e-01   2.0400000e+02
   1.3741513e+00  -1.6400000e+02
  -9.1143855e-01  -2.9500000e+02
   1.3623944e+00   1.3600000e+02
   9.5923738e-01   5.9000000e+01
   1.2787445e+00  -2.6000000e+02
   9.7848587e-01  -2.7600000e+02
   1.2055100e+00   2.8000000e+02
  -1.1683906e+00  -1.5200000e+02
  -1.0840742e+00  -1.3700000e+02
   1.1473948e+00  -4.3300000e+02
  -1.2145365e+00  -1.4300000e+02
   1.0007714e+00  -1.8500000e+02
   1.7199639e+00  -1.0100000e+02
   9.3512544e-01   1.4500000e+02
  -1.2681920e+00  -4.0000000e+00
   9.7046388e-01   1.3000000e+01
   1.1558448e+00  -2.0800000e+02
   9.0983479e-01   1.6200000e+02
  -1.1030214e+00  -2.5500000e+02
  -9.1565004e-01  -1.8700000e+02
  -6.5527205e-01  -3.5900000e+02
  -6.7358321e-01  -2.4800000e+02
   6.0129565e-01  -3.1000000e+02
   6.0302945e-01  -2.9200000e+02
   6.2271476e-01   1.5600000e+02
  -5.7697463e-01  -3.0000000e+01
  -6.5716854e-01  -1.8500000e+02
  -5.9562161e-01   1.7400000e+02
   5.7126486e-01   3.5800000e+02
   5.8380517e-01  -1.0000000e+01
   5.8580924e-01  -8.2000000e+01
   6.1627108e-01  -3.1100000e+02
   1.0404701e+00  -1.8400000e+02
  -2.9425190e+00  -3.4000000e+01
  -1.0078730e+00  -2.3000000e+02
  -1.5790040e+00  -4.2000000e+01
  -1.0168371e+00  -4.1300000e+02
  -1.5357972e+00  -2.6500000e+02
   1.0931635e+00  -2.6600000e+02
   1.5746221e+00  -2.9100000e+02
  -1.0029981e+00  -3.7300000e+02
  -1.5275307e+00  -1.2900000e+02
   1.1284590e+00  -2.7000000e+01
   8.2957359e-01   6.0000000e+00
  -1.0883530e+00   2.8500000e+02
   8.1723329e-01  -2.0700000e+02
   1.0440387e+00  -1.5500000e+02
   8.1002480e-01   9.1000000e+01
  -1.0464447e+00   7.7000000e+01
   8.2303863e-01  -1.3000000e+01
   1.0296254e+00  -3.6600000e+02
  -7.7566546e-01   1.5300000e+02
   9.7891282e-01  -1.6900000e+02
  -8.0551253e-01  -3.3300000e+02
   8.5471044e-01   1.2600000e+02
   8.0099162e-01   1.1700000e+02
   6.8724158e-01  -1.7900000e+02
   9.1412730e-01  -3.9300000e+02
  -6.3143976e-01  -1.8500000e+02
  -6.5973178e-01  -4.4800000e+02
  -6.2686598e-01  -1.1200000e+02
   6.6567660e-01   1.8100000e+02
   1.1385812e+00   1.8200000e+02
  -1.3372514e+00   1.7200000e+02
   1.2660062e+00  -2.0300000e+02
  -7.8361004e-01  -4.3400000e+02
  -1.2718374e+00   8.9000000e+01
  -1.8007663e+00   4.4000000e+01
  -1.1443196e+00   1.9000000e+01
  -7.6333293e-01  -1.5300000e+02
  -9.7300622e-01  -3.2900000e+02
  -1.3010494e+00   7.7000000e+01
   9.2050627e-01   7.2000000e+01
   8.0938696e-01   1.6400000e+02
  -1.1766947e+00  -1.5600000e+02
  -1.1379266e+00  -1.9800000e+02
  -1.2262263e+00  -4.1500000e+02
  -1.8953015e+00  -1.1000000e+02
  -1.2775122e+00  -7.2000000e+01
   2.0108606e+00   6.0000000e+01
   1.0367365e+00  -2.9100000e+02
  -1.1218047e+00  -5.7000000e+01
   8.9707787e-01  -1.5000000e+02
  -1.1015370e+00  -1.7900000e+02
  -1.0700957e+00   2.0500000e+02
  -1.1028180e+00   1.6500000e+02
  -9.5740635e-01   7.6000000e+01
  -1.1210209e+00  -1.9200000e+02
   8.3134052e-01   1.3400000e+02
   1.1245679e+00  -1.3600000e+02
  -1.7558147e+00  -8.3000000e+01
  -1.7302545e+00  -5.0000000e+00
   1.2677428e+00  -4.0500000e+02
  -1.3063330e+00  -1.0000000e+02
  -9.8439037e-01  -5.1300000e+02
  -1.3406081e+00  -2.6700000e+02
   9.6948057e-01  -3.4900000e+02
   8.8945860e-01   1.5000000e+02
   1.1262541e+00  -8.8000000e+01
  -9.8059807e-01  -1.4200000e+02
   1.0436751e+00   4.7300000e+02
   8.1056150e-01  -8.0000000e+01
   6.1343515e-01   4.2000000e+01
  -2.4190650e-01  -1.1000000e+02
   1.0204864e+00  -2.3900000e+02
   7.9593508e-01  -5.8000000e+01
  -9.5275185e-01   1.9000000e+01
  -8.2339137e-01  -2.3500000e+02
  -8.6072026e-01  -1.5500000e+02
   8.7813605e-01  -2.6400000e+02
   9.0188408e-01   2.7200000e+02
  -9.2983634e-01  -2.1200000e+02
  -8.9262336e-01  -1.6700000e+02
  -1.0782354e+00   4.5000000e+01
   8.6844756e-01  -1.1900000e+02
   9.2234706e-01  -2.6200000e+02
  -8.6091414e-01  -4.1000000e+01
   8.1986253e-01  -2.7500000e+02
  -8.4791290e-01   3.0000000e+00
  -1.0749321e+00  -2.4800000e+02
  -7.7424340e-01  -1.8400000e+02
  -1.0951413e+00  -2.5100000e+02
   9.7400851e-01  -2.3800000e+02
  -1.2596302e+00   3.6800000e+02
  -9.4485578e-01   1.4100000e+02
   1.2581496e+00   5.5000000e+01
   8.4858700e-01   3.3100000e+02
   1.0813741e+00  -8.2000000e+01
   7.1898146e-01   7.5000000e+01
   6.2513157e-01  -1.0100000e+02
   7.5424746e-01  -2.1100000e+02
   6.7407171e-01   2.4400000e+02
   8.1487678e-01   2.5500000e+02
   7.0669380e-01  -1.5800000e+02
   8.8297402e-01   3.0800000e+02
   7.6235915e-01   3.5300000e+02
  -9.3844723e-01   7.5000000e+01
  -8.1405041e-01   2.3000000e+02
   7.8204167e-01  -1.6100000e+02
   7.2959712e-01  -1.8000000e+02
  -7.2055829e-01   6.9000000e+01
  -6.7742190e-01  -8.2000000e+01
  -7.3378865e-01  -2.2600000e+02
   7.1486795e-01  -7.9000000e+01
  -6.2532624e-01  -1.9600000e+02
  -8.9068109e-01   2.5900000e+02
   7.3550805e-01   2.7200000e+02
   8.5679969e-01   4.0800000e+02
   7.7135882e-01  -1.6100000e+02
  -8.8985477e-01  -1.2600000e+02
   6.1220803e-01   1.0000000e+00
   7.1925501e-01  -2.5500000e+02
   1.4117783e+00  -2.3400000e+02
  -9.0609757e-01  -2.6400000e+02
  -8.4115644e-01  -1.4200000e+02
   1.0220327e+00   4.0200000e+02
   8.2784189e-01   1.3500000e+02
   1.1446420e+00  -2.0000000e+02
   8.8950214e-01  -2.1900000e+02
  -9.3693287e-01  -2.0000000e+02
  -1.1143963e+00  -2.6700000e+02
   7.2680900e-01  -3.1600000e+02
   1.4576387e+00  -5.8000000e+01
   7.6513706e-01   9.3000000e+01
   1.0881713e+00   1.4100000e+02
  -7.5685008e-01  -2.0400000e+02
   1.0679612e+00  -1.3100000e+02
  -7.5853718e-01  -2.0400000e+02
   1.2378778e+00  -4.0000000e+02
   7.3324955e-01   1.4200000e+02
   7.3546638e-01   7.7000000e+01
   7.6402307e-01   6.4000000e+01
  -8.2202242e-01  -1.7300000e+02
  -8.3389147e-01  -2.0000000e+02
   7.2029907e-01  -3.0800000e+02
  -8.1244312e-01  -3.2700000e+02
   7.0857929e-01  -4.0300000e+02
   6.8756133e-01   2.0600000e+02
   7.6452476e-01  -1.3400000e+02
  -7.3071851e-01  -1.9800000e+02
   8.8529315e-01  -1.5600000e+02
  -8.2260410e-01   8.6000000e+01
   8.9125452e-01  -1.4800000e+02
   7.9290314e-01  -3.2100000e+02
   9.2062178e-01  -1.3000000e+01
   8.9731547e-01  -3.3500000e+02
   8.2977532e-01   1.8200000e+02
  -8.6012793e-01   9.8000000e+01
   7.2416073e-01  -1.6800000e+02
   8.4619190e-01  -1.8900000e+02
  -8.2663075e-01  -1.8500000e+02
  -8.4820230e-01  -1.3300000e+02
   9.0136786e-01  -1.6700000e+02
  -1.2296789e+00  -1.9000000e+02
   9.7094567e-01   1.7400000e+02
   1.0835024e+00  -3.0500000e+02
   1.0328145e+00   3.4300000e+02
   1.1419275e+00  -2.4800000e+02
  -9.5629497e-01   2.1000000e+01
  -1.0136723e+00  -3.5000000e+02
   8.7601890e-01  -8.4000000e+01
   9.2380223e-01  -1.4000000e+02
   1.1348324e+00   1.2000000e+02
  -1.3446796e+00   4.4500000e+02
   1.4147415e+00  -1.7800000e+02
   1.0681383e+00   1.1500000e+02
  -1.6087518e+00  -1.5000000e+02
   1.1090443e+00  -4.3400000e+02
   1.6453253e+00  -3.2900000e+02
   9.9082131e-01  -1.8100000e+02
   1.7708896e+00  -2.0300000e+02
   9.6187059e-01  -2.8500000e+02
   1.0883749e+00   1.0100000e+02
   1.1664593e+00   3.7900000e+02
   0.0000000e+00   0.0000000e+00
   1.3932218e+00  -3.2900000e+02
   7.9209712e-01  -3.9100000e+02
  -1.5136179e+00  -1.3000000e+02
  -8.8303612e-01  -1.8600000e+02
  -1.3801846e+00   2.7200000e+02
  -1.0535491e+00  -3.9800000e+02
  -9.2858856e-01  -2.2000000e+01
  -1.1089615e+00   2.9400000e+02
   8.5670675e-01   5.9000000e+01
   0.0000000e+00   0.0000000e+00
  -1.1985563e+00  -2.4400000e+02
  -7.4955009e-01  -1.2300000e+02
   1.1573208e+00  -2.0700000e+02
  -7.5802386e-01  -2.5600000e+02
  -1.0726080e+00  -3.9800000e+02
   7.8801997e-01   1.3100000e+02
  -1.1435422e+00   1.6400000e+02
   8.0125928e-01   3.2000000e+02
   1.0311249e+00  -1.0900000e+02
   9.4094313e-01   1.4600000e+02
  -1.0152601e+00  -1.2400000e+02
   9.0051623e-01  -1.9000000e+01
   1.0880458e+00   4.6400000e+02
  -7.2356823e-01  -9.4000000e+01
   1.0849377e+00  -1.4700000e+02
   9.1720858e-01  -2.2300000e+02
   1.1000274e+00   1.9200000e+02
   1.3263371e+00   3.2200000e+02
  -1.1546308e+00   1.1000000e+01
   1.5913890e+00   3.7200000e+02
   1.1532855e+00  -8.1000000e+01
   1.3573965e+00  -2.3400000e+02
   1.1642195e+00   7.0000000e+00
   1.2803224e+00  -1.0100000e+02
  -1.1123341e+00  -2.3500000e+02
  -1.7014237e+00   1.3900000e+02
   1.1837509e+00  -2.4700000e+02
   1.6790692e+00   2.1000000e+01
   1.1825088e+00  -1.4400000e+02
   1.0924274e+00  -2.1300000e+02
   1.0201127e+00  -3.1100000e+02
  -1.0708643e+00  -1.0000000e+00
  -7.1396923e-01  -1.7500000e+02
   1.0818426e+00   2.6000000e+01
  -7.5193941e-01  -3.4500000e+02
   1.0639963e+00  -1.5100000e+02
   8.5392972e-01  -6.2000000e+01
   1.1013761e+00  -1.9200000e+02
  -8.2082655e-01   2.0300000e+02
  -1.3493356e+00  -2.8200000e+02
  -6.8838170e-01  -4.1700000e+02
   1.3796215e+00  -1.3100000e+02
  -7.4009668e-01  -3.0000000e+00
   1.1464934e+00   1.5000000e+01
   6.6462055e-01  -8.7000000e+01
  -1.2751446e+00   1.8300000e+02
   7.8930374e-01  -2.0000000e+00
   1.1493238e+00  -9.3000000e+01
   7.3679618e-01  -3.0900000e+02
   7.2876523e-01   1.9400000e+02
  -1.1861820e+00   6.0000000e+00
  -6.8777870e-01   5.1000000e+01
  -1.2541771e+00   3.1000000e+02
   0.0000000e+00   0.0000000e+00
   1.1812179e+00  -8.8000000e+01
   1.5281086e+00  -0.0000000e+00
  -2.0101671e+00  -6.0000000e+00
   8.3664409e-01  -4.3000000e+01
  -9.3203881e-01   1.5200000e+02
   9.3631942e-01  -3.8400000e+02
   9.6129606e-01   3.3800000e+02
  -1.0200722e+00  -2.4800000e+02
   1.0136415e+00  -2.4600000e+02
   3.7841498e+00   1.1870000e+03
  -8.0210371e-01   1.6500000e+02
   1.0159514e+00  -1.1000000e+02
  -8.1585139e-01  -1.5600000e+02
   9.7780333e-01  -2.3700000e+02
   7.9996733e-01   1.6900000e+02
   3.5127889e+00   3.6400000e+02
   2.1649911e+00  -5.9000000e+01
  -8.5784162e-01  -1.3200000e+02
   9.0644663e-01  -7.9000000e+01
   7.9551363e-01  -2.0800000e+02
   8.2354917e-01   3.6400000e+02
  -9.4587771e-01   1.4000000e+01
   8.6492514e-01   1.3900000e+02
   9.6968094e-01   3.6900000e+02
  -8.7973598e-01  -2.7500000e+02
   7.5597138e-01   2.7400000e+02
  -5.9117611e-01  -2.1500000e+02
  -7.6245081e-01  -2.2500000e+02
   5.9876013e-01  -2.6500000e+02
   7.4877220e-01   9.7000000e+01
   6.0858977e-01  -1.7600000e+02
   9.2543342e-01  -1.8100000e+02
  -6.3181012e-01  -3.0000000e+00
  -1.0586176e+00  -8.7000000e+01
   6.6828487e-01   8.8000000e+01
   9.6745466e-01  -2.9100000e+02
  -1.1158639e+00   2.7700000e+02
   8.0354649e-01   2.6200000e+02
   9.8801100e-01  -1.5200000e+02
   7.3320981e-01  -8.5000000e+01
  -1.1261125e+00  -2.7900000e+02
   9.8581832e-01  -2.3700000e+02
  -7.5780983e-01  -1.5600000e+02
   1.0236341e+00  -7.3000000e+01
  -7.0750406e-01   2.9000000e+01
  -9.7165942e-01   3.7200000e+02
  -6.7824762e-01   3.1000000e+01
   1.0096853e+00  -1.9600000e+02
  -8.3454971e-01  -2.1900000e+02
   1.0361831e+00  -3.3300000e+02
  -9.0554129e-01   9.4000000e+01
  -9.9353683e-01   5.8000000e+01
  -8.4121814e-01   3.5800000e+02
   9.8676214e-01  -1.9000000e+01
   7.7338849e-01   9.0000000e+00
  -9.5608537e-01  -4.1400000e+02
  -8.1314445e-01   7.8000000e+01
   1.0157367e+00  -3.5800000e+02
  -7.3090133e-01   4.2300000e+02
  -1.0906344e+00  -1.4600000e+02
   7.1888083e-01  -3.1200000e+02
   8.6010226e-01  -3.3700000e+02
  -7.5823258e-01  -1.8100000e+02
   8.5084914e-01  -1.1700000e+02
  -8.6500518e-01  -5.7000000e+01
   7.7702775e-01  -7.4000000e+01
  -9.3564302e-01   1.2300000e+02
  -9.3576507e-01   3.0700000e+02
  -8.5465261e-01   1.0100000e+02
   0.0000000e+00   0.0000000e+00
   8.2082397e-01  -2.5000000e+02
  -7.4630339e-01   4.0000000e+00
  -9.1423498e-01   2.0300000e+02
   1.2711027e+00  -4.2700000e+02
   1.4690749e+00   9.5000000e+01
   0.0000000e+00   0.0000000e+00
   0.0000000e+00   0.0000000e+00
  -1.2648765e+00  -3.6200000e+02
   0.0000000e+00   0.0000000e+00
   1.2420351e+00   2.5100000e+02
  -1.4065786e+00  -2.8200000e+02
   1.2247261e+00  -3.1500000e+02
   1.1866999e+00  -2.2500000e+02
  -9.0300715e-01  -4.0000000e+01
   1.0501605e+00  -1.8800000e+02
   9.0926514e-01  -3.3400000e+02
   1.0166103e+00  -7.4000000e+01
   1.0447143e+00  -1.4200000e+02
   1.0307082e+00  -1.5600000e+02
   0.0000000e+00   0.0000000e+00
  -1.1640657e+00  -3.5000000e+02
  -8.0626847e-01  -1.9400000e+02
  -1.3154235e+00  -3.7500000e+02
   8.3773802e-01  -8.6000000e+01
   1.6105933e+00  -9.6000000e+01
   7.9364440e-01  -1.9000000e+02
  -1.7511617e+00  -2.4500000e+02
   7.8085509e-01   6.0000000e+00
   1.5829816e+00   2.2300000e+02
  -8.7409931e-01  -2.2900000e+02
   1.5090144e+00  -3.1800000e+02
   1.0701830e+00  -1.9300000e+02
  -9.9306844e-01  -5.4000000e+01
   3.4268777e+00  -2.2000000e+02
  -3.0500699e+00  -7.2000000e+01
  -9.9887115e-01   2.9200000e+02
   1.5414220e+00  -1.4700000e+02
  -1.1425485e+00  -2.3000000e+01
  -1.5006399e+00  -1.5100000e+02
  -1.3357628e+00   1.9700000e+02
   1.3692115e+00   1.5300000e+02
  -9.4737458e-01   1.9800000e+02
  -1.4268285e+00  -1.6200000e+02
  -9.8948826e-01  -2.5800000e+02
  -1.1634887e+00  -1.7000000e+01
   1.4400665e+00  -2.2800000e+02
   1.5704659e+00  -8.7000000e+01
   1.6290176e+00  -1.0100000e+02
   1.5054248e+00  -1.4500000e+02
  -5.7461554e+00   7.5500000e+02
  -1.3246517e+00   2.5600000e+02
   1.8366705e+00  -2.2000000e+02
  -1.2870720e+00  -1.9400000e+02
   1.4905615e+00   1.4700000e+02
   1.2363899e+00   3.6500000e+02
   1.0556929e+00   2.1000000e+02
  -9.8169492e-01  -4.4600000e+02
  -1.2099819e+00  -1.6900000e+02
   2.0118405e+00  -8.2000000e+01
   1.2996063e+00  -1.8900000e+02
  -1.1269331e+00  -9.7000000e+01
  -1.2158434e+00   2.6900000e+02
   1.1072676e+00  -4.1100000e+02
  -1.2745009e+00  -7.9000000e+01
  -1.1986814e+00  -1.2600000e+02
  -1.1325989e+00  -2.5200000e+02
   1.1281086e+00  -4.0400000e+02
   9.6820001e-01  -2.7200000e+02
  -1.1591618e+00  -1.2600000e+02
   8.2404035e-01   9.0000000e+00
  -1.0670147e+00   2.2500000e+02
   8.1635131e-01  -2.1000000e+02
   1.1158807e+00   3.2200000e+02
   1.1535470e+00  -2.9300000e+02
  -1.2813902e+00  -1.3500000e+02
   1.3684465e+00  -3.7700000e+02
  -1.3476514e+00  -4.8600000e+02
  -1.1746957e+00   2.8000000e+01
  -1.1311077e+00  -1.4200000e+02
   0.0000000e+00   0.0000000e+00
   1.0594673e+00  -2.6900000e+02
  -1.3104801e+00  -3.5000000e+01
  -9.6494423e-01  -1.8100000e+02
  -1.2867046e+00  -2.1400000e+02
  -1.2288590e+00   1.8000000e+01
  -1.3232015e+00   2.8500000e+02
   1.1926796e+00   1.4000000e+02
  -1.0815099e+00  -1.2800000e+02
   1.0804194e+00  -1.2100000e+02
   1.0934776e+00   6.9000000e+01
   9.7482065e-01   1.7300000e+02
   1.1378590e+00  -1.3200000e+02
   9.0362213e-01   3.2500000e+02
   1.2405204e+00  -1.4900000e+02
   9.1995452e-01   6.9000000e+01
