0.0000
0.0000
0.0000
-0.0000
-0.0000
-0.0000
-0.0000
0.0000
0.0001
0.0000
-0.0002
-0.0002
0.0002
0.0004
-0.0000
-0.0006
-0.0003
0.0006
0.0007
-0.0003
-0.0008
-0.0001
0.0005
0.0002
0.0000
0.0004
-0.0001
-0.0016
-0.0009
0.0026
0.0031
-0.0021
-0.0059
-0.0004
0.0074
0.0046
-0.0062
-0.0083
0.0024
0.0091
0.0021
-0.0062
-0.0036
0.0016
-0.0000
0.0002
0.0076
0.0053
-0.0137
-0.0191
0.0110
0.0362
0.0054
-0.0467
-0.0336
0.0408
0.0639
-0.0144
-0.0823
-0.0270
0.0775
0.0694
-0.0470
-0.0961
0.0000
0.0961
0.0470
-0.0694
-0.0775
0.0270
0.0823
0.0144
-0.0639
-0.0408
0.0336
0.0467
-0.0054
-0.0362
-0.0110
0.0191
0.0137
-0.0053
-0.0076
-0.0002
0.0000
-0.0016
0.0036
0.0062
-0.0021
-0.0091
-0.0024
0.0083
0.0062
-0.0046
-0.0074
0.0004
0.0059
0.0021
-0.0031
-0.0026
0.0009
0.0016
0.0001
-0.0004
-0.0000
-0.0002
-0.0005
0.0001
0.0008
0.0003
-0.0007
-0.0006
0.0003
0.0006
0.0000
-0.0004
-0.0002
0.0002
0.0002
-0.0000
-0.0001
-0.0000
0.0000
0.0000
0.0000
0.0000
-0.0000
-0.0000
-0.0000
