0.00766
-0.04189
-0.02228
0.03481
0.03452
-0.02352
-0.04299
0.00934
0.04673
0.00614
-0.04534
-0.02122
0.03899
0.03427
-0.02838
-0.04394
0.01462
0.04923
0.00085
-0.04964
-0.01650
0.04516
0.03080
-0.03624
-0.04238
0.02375
0.05020
-0.00887
-0.05356
-0.00704
0.05219
0.02258
-0.04626
-0.03641
0.03631
0.04740
-0.02319
-0.05466
0.00799
0.05765
0.00805
-0.05618
-0.02371
0.05042
0.03780
-0.04083
-0.04932
0.02816
0.05748
-0.01333
-0.06175
-0.00261
0.06189
0.01859
-0.05796
-0.03356
0.05025
0.04659
-0.03932
-0.05692
0.02588
0.06397
-0.01074
-0.06739
-0.00518
0.06705
0.02099
-0.06303
-0.03585
0.05562
0.04899
-0.04526
-0.05978
0.03254
0.06774
-0.01811
-0.07255
0.00270
0.07406
0.01297
-0.07228
-0.02822
0.06737
0.04240
-0.05960
-0.05496
0.04937
0.06544
-0.03715
-0.07350
0.02344
0.07891
-0.00879
-0.08156
-0.00626
0.08143
0.02119
-0.07862
-0.03552
0.07332
0.04883
-0.06575
-0.06074
0.05624
0.07096
-0.04511
-0.07928
0.03273
0.08555
-0.01948
-0.08968
0.00572
0.09166
0.00820
-0.09155
-0.02195
0.08944
0.03524
-0.08546
-0.04782
0.07979
0.05946
-0.07262
-0.06999
0.06416
0.07928
-0.05465
-0.08723
0.04428
0.09380
-0.03329
-0.09896
0.02188
0.10271
-0.01025
-0.10511
-0.00143
0.10620
0.01300
-0.10606
-0.02432
0.10480
0.03528
-0.10251
-0.04577
0.09930
0.05571
-0.09528
-0.06506
0.09057
0.07377
-0.08528
-0.08181
0.07953
0.08918
-0.07341
-0.09588
0.06702
0.10193
-0.06046
-0.10735
0.05381
0.11217
-0.04714
-0.11643
0.04053
0.12018
-0.03403
-0.12346
0.02770
0.12632
-0.02158
-0.12881
0.01572
0.13098
-0.01015
-0.13288
0.00490
0.13456
0.00000
-0.13607
-0.00454
0.13744
0.00869
-0.13873
-0.01244
0.13996
0.01577
-0.14118
-0.01867
0.14241
0.02112
-0.14367
-0.02312
0.14501
0.02464
-0.14642
-0.02568
0.14792
0.02622
-0.14953
-0.02624
0.15124
0.02573
-0.15305
-0.02467
0.15496
0.02303
-0.15695
-0.02080
0.15899
0.01795
-0.16106
-0.01447
0.16313
0.01033
-0.16515
-0.00551
0.16707
-0.00000
-0.16883
0.00622
0.17036
-0.01316
-0.17159
0.02082
0.17243
-0.02921
-0.17279
0.03830
0.17257
-0.04808
-0.17165
0.05851
0.16993
-0.06955
-0.16729
0.08112
0.16359
-0.09314
-0.15873
0.10550
0.15257
-0.11808
-0.14501
0.13071
0.13593
-0.14324
-0.12524
0.15544
0.11287
-0.16709
-0.09877
0.17794
0.08291
-0.18771
-0.06530
0.19610
0.04601
-0.20280
-0.02513
0.20748
0.00283
-0.20984
0.02069
0.20953
-0.04513
-0.20628
0.07016
0.19980
-0.09535
-0.18988
0.12023
0.17633
-0.14426
-0.15907
0.16683
0.13808
-0.18731
-0.11348
0.20500
0.08546
-0.21923
-0.05439
0.22932
0.02076
-0.23461
0.01480
0.23454
-0.05151
-0.22862
0.08843
0.21651
-0.12453
-0.19803
0.15864
0.17320
-0.18953
-0.14227
0.21595
0.10577
-0.23664
-0.06448
0.25044
0.01947
-0.25631
0.02792
0.25341
-0.07609
-0.24119
0.12322
0.21943
-0.16735
-0.18831
0.20643
0.14845
-0.23842
-0.10096
0.26140
0.04743
-0.27369
0.01010
0.27396
-0.06915
-0.26137
0.12691
0.23570
-0.18040
-0.19737
0.22651
0.14759
-0.26230
-0.08832
0.28513
0.02226
-0.29285
0.04719
0.28407
-0.11615
-0.25828
0.18036
0.21603
-0.23553
-0.15899
0.27756
0.08998
-0.30287
-0.01292
0.30877
-0.06737
-0.29371
0.14544
0.25753
-0.21551
-0.20169
0.27193
0.12925
-0.30964
-0.04486
0.32465
-0.04551
-0.31452
0.13488
0.27870
-0.21581
-0.21879
0.28099
0.13863
-0.32394
-0.04416
0.33967
-0.05689
-0.32532
0.15559
0.28067
-0.24257
-0.20840
0.30888
0.11410
-0.34697
-0.00602
0.35161
-0.10559
-0.32066
0.20936
0.25561
-0.29393
-0.16172
0.34925
0.04785
-0.36782
0.07430
0.34578
-0.19124
-0.28375
0.28918
0.18710
-0.35565
-0.06577
0.38117
-0.06661
-0.36072
0.19411
0.29477
-0.30036
-0.18969
0.37070
0.05741
-0.39427
0.08571
0.36584
-0.22081
-0.28701
0.32891
0.16654
-0.39368
-0.01968
0.40400
-0.13352
-0.35603
0.27085
0.25441
-0.37112
-0.11220
0.41754
-0.05049
-0.40067
0.20912
0.32057
-0.33833
-0.18746
0.41606
0.02087
-0.42745
0.15295
0.36794
-0.30504
-0.24480
0.40847
0.07676
-0.44333
0.10845
0.40077
-0.27848
-0.28542
0.40192
0.11554
-0.45426
0.07942
0.42298
-0.26368
-0.31086
0.40154
0.13650
-0.46445
0.06828
0.43719
-0.26384
-0.32190
0.41035
0.13881
-0.47594
0.07674
0.44404
-0.28069
-0.31785
0.42924
0.12105
-0.48830
0.10606
0.44178
-0.31441
-0.29627
0.45671
0.08115
-0.49831
0.15682
0.42615
-0.36320
-0.25317
0.48836
0.01690
-0.49967
0.22806
0.39054
-0.42233
-0.18368
0.51627
-0.07276
-0.48302
0.31581
0.32680
-0.48299
-0.08373
0.52854
-0.18570
-0.43656
0.41126
0.22705
-0.53121
0.04739
0.50968
-0.31401
-0.34808
0.49892
0.08689
-0.54783
0.20348
0.44264
-0.44118
-0.20872
0.55596
-0.08995
-0.51048
0.36753
0.31330
-0.54073
-0.01888
0.55416
-0.28643
-0.39893
0.50925
0.11793
-0.57788
0.20475
0.46618
-0.46829
-0.20437
0.58659
-0.12763
-0.51710
0.42372
0.27715
-0.58527
0.05862
0.55454
-0.38035
-0.33641
0.57849
-0.00000
-0.58156
0.34193
0.38301
-0.57020
-0.04691
0.60108
-0.31126
-0.41807
0.56356
0.08137
-0.61551
0.29037
0.44261
-0.56093
-0.10292
0.62667
-0.28067
-0.45733
0.56390
0.11117
-0.63559
0.28312
0.46237
-0.57329
-0.10565
0.64243
-0.29825
-0.45731
0.58909
0.08575
-0.64647
0.32615
0.44101
-0.61043
-0.05075
0.64602
-0.36637
-0.41176
0.63546
-0.00000
-0.63841
0.41771
0.36737
-0.66121
0.06684
0.62005
-0.47795
-0.30542
0.68346
-0.14939
-0.58657
0.54350
0.22374
-0.69672
0.24603
0.53315
-0.60909
-0.12093
0.69425
-0.35332
-0.45504
0.66753
-0.00279
-0.66845
0.46541
0.34843
-0.70965
0.14471
0.61153
-0.57353
-0.21153
0.72472
-0.29862
-0.51664
0.66582
0.04600
-0.70126
0.45401
0.37951
-0.72776
0.14163
0.62872
-0.59575
-0.20044
0.74335
-0.33866
-0.49973
0.70454
-0.01347
-0.69738
0.52568
0.31312
-0.75866
0.24654
0.57886
-0.67726
-0.07705
0.73724
-0.47364
-0.38522
0.76451
-0.18844
-0.62524
0.66144
0.12675
-0.75998
0.45058
0.41939
-0.77237
0.17007
0.64469
-0.66598
-0.13417
0.77180
-0.46207
-0.41645
0.78695
-0.19435
-0.63810
0.69346
0.09742
-0.77217
0.50916
0.37371
-0.80575
0.26223
0.60058
-0.73992
-0.01385
0.75332
-0.58783
-0.28523
0.81842
-0.37152
-0.52184
0.79365
-0.11809
-0.70044
0.68686
0.14407
-0.80630
0.51367
0.38859
-0.83362
0.29471
0.59362
-0.78485
0.05279
0.74343
-0.66923
-0.18970
0.82899
-0.50091
-0.41289
0.84785
-0.29687
-0.60080
0.80333
-0.07495
-0.74218
0.70331
0.14780
-0.83073
0.55884
0.35639
-0.86474
0.38275
0.53880
-0.84653
0.18830
0.68633
-0.78154
-0.01182
0.79371
-0.67739
-0.20635
0.85887
-0.54301
-0.38598
0.88250
-0.38774
-0.54360
0.86750
-0.22068
-0.67441
0.81842
-0.05012
-0.77571
0.74081
0.11675
-0.84674
0.64076
0.27414
-0.88832
0.52440
0.41763
-0.90249
0.39758
0.54423
-0.89219
0.26558
0.65219
-0.86090
0.13299
0.74089
-0.81238
0.00359
0.81063
-0.75040
-0.11967
0.86242
-0.67862
-0.23463
0.89781
-0.60038
-0.33982
0.91869
-0.51868
-0.43445
0.92717
-0.43611
-0.51824
0.92543
-0.35483
-0.59132
0.91562
-0.27659
-0.65418
0.89979
-0.20278
-0.70751
0.87987
-0.13443
-0.75217
0.85758
-0.07230
-0.78910
0.83445
-0.01691
-0.81922
0.81181
0.03142
-0.84347
0.79078
0.07249
-0.86269
0.77232
0.10620
-0.87761
0.75717
0.13253
-0.88886
0.74592
0.15145
-0.89693
0.73902
0.16297
-0.90215
0.73675
0.16708
-0.90468
0.73926
0.16373
-0.90454
0.74656
0.15286
-0.90157
0.75852
0.13438
-0.89545
0.77485
0.10819
-0.88570
0.79513
0.07419
-0.87166
0.81875
0.03231
-0.85255
0.84490
-0.01746
-0.82747
0.87259
-0.07503
-0.79540
0.90059
-0.14015
-0.75526
0.92745
-0.21239
-0.70595
0.95146
-0.29104
-0.64642
0.97069
-0.37510
-0.57572
0.98300
-0.46316
-0.49310
0.98604
-0.55341
-0.39812
0.97738
-0.64355
-0.29075
0.95450
-0.73079
-0.17149
0.91501
-0.81185
-0.04151
0.85672
-0.88298
0.09725
0.77786
-0.94006
0.24196
0.67727
-0.97875
0.38884
0.55465
-0.99464
0.53315
0.41076
-0.98356
0.66923
0.24771
-0.94188
0.79060
0.06910
-0.86687
0.89028
-0.11982
-0.75716
0.96102
-0.31211
-0.61314
0.99590
-0.49923
-0.43737
0.98879
-0.67129
-0.23491
0.93509
-0.81753
-0.01352
0.83246
-0.92691
0.21636
0.68147
-0.98903
0.44181
0.48627
-0.99509
0.64808
0.25502
-0.93908
0.81940
0.00000
-0.81890
0.94027
-0.26260
-0.63738
0.99699
-0.51347
-0.40307
0.97933
-0.73142
-0.13048
0.88233
-0.89521
0.16021
0.70780
-0.98579
0.44420
0.46548
-0.98879
0.69400
0.17338
-0.89708
0.88212
-0.14277
-0.71289
0.98427
-0.45126
-0.44922
0.98302
-0.71731
-0.13007
0.87117
-0.90709
0.21086
0.65445
-0.99238
0.53315
0.35283
-0.95544
0.79422
-0.00000
-0.79321
0.95522
-0.35946
-0.52009
0.98744
-0.67519
-0.16834
0.87836
-0.89813
0.21436
0.63604
-0.98875
0.57057
0.29075
-0.92505
0.84148
-0.10708
-0.70887
0.97712
-0.49310
-0.36887
0.94664
-0.79899
0.04122
0.74672
-0.96494
0.44963
0.40580
-0.95253
0.77850
-0.01754
-0.75526
0.95904
-0.44298
-0.40385
0.94724
-0.78288
0.03579
0.73648
-0.96079
0.47306
0.36344
-0.93010
0.81055
-0.09532
-0.68841
0.96629
-0.53710
-0.28317
0.89545
-0.85538
0.19462
0.60571
-0.96637
0.62882
0.16094
-0.83325
0.90609
-0.32972
-0.48108
0.94673
-0.73698
0.00377
0.73041
-0.94556
0.49176
0.30795
-0.88886
0.84358
-0.20657
-0.57354
0.95088
-0.66395
-0.08455
0.77241
-0.92279
0.43395
0.35348
-0.89511
0.81922
-0.18073
-0.58000
0.94181
-0.65937
-0.07182
0.75217
-0.91990
0.46369
0.30494
-0.86556
0.84139
-0.25144
-0.50563
0.92184
-0.72052
0.03899
0.66655
-0.92701
0.57176
0.16100
-0.78522
0.88976
-0.40837
-0.33982
0.86299
-0.81993
0.24160
0.49241
-0.90390
0.72739
-0.08021
-0.61680
0.91364
-0.62120
-0.06953
0.71346
-0.89864
0.50916
0.20366
-0.78458
0.86541
-0.39758
-0.32014
0.83342
-0.82004
0.29125
0.41846
-0.86379
0.76794
-0.19360
-0.49921
0.87964
-0.71364
0.10689
0.56370
-0.88474
0.66086
-0.03243
-0.61361
0.88250
-0.61246
-0.02918
0.65076
-0.87582
0.57057
0.07779
-0.67690
0.86709
-0.53670
-0.11356
0.69356
-0.85812
0.51185
0.13678
-0.70194
0.85018
-0.49658
-0.14780
0.70288
-0.84398
0.49110
0.14689
-0.69682
0.83974
-0.49530
-0.13427
0.68378
-0.83719
0.50878
0.11011
-0.66342
0.83557
-0.53083
-0.07450
0.63501
-0.83362
0.56040
0.02760
-0.59757
0.82967
-0.59605
0.03030
0.54990
-0.82158
0.63586
-0.09865
-0.49074
0.80682
-0.67739
0.17648
0.41891
-0.78256
0.71759
-0.26223
-0.33351
0.74578
-0.75282
0.35358
0.23421
-0.69346
0.77885
-0.44726
-0.12148
0.62286
-0.79097
0.53898
-0.00310
-0.53187
0.78423
-0.62337
0.13652
0.41939
-0.75376
0.69406
-0.27409
-0.28588
0.69528
-0.74392
0.40937
0.13378
-0.60568
0.76556
-0.53412
0.03200
0.48383
-0.75195
0.63863
-0.20384
-0.33129
0.69738
-0.71233
0.37129
0.15307
-0.59859
0.74477
-0.52150
0.04184
0.45591
-0.72692
0.63999
-0.24038
-0.27444
0.65286
-0.71205
0.42578
0.06484
-0.52152
0.72472
-0.57883
0.15647
0.33835
-0.66914
0.67985
-0.36792
-0.11644
0.54311
-0.71154
0.54462
-0.12330
-0.35332
0.66239
-0.66137
0.35325
0.11675
-0.53011
0.69672
-0.54195
0.13945
0.32454
-0.63767
0.65856
-0.38013
-0.06895
0.48422
-0.67866
0.56662
-0.20096
-0.25250
0.59049
-0.66340
0.44108
-0.02456
-0.40030
0.64602
-0.60601
0.30025
0.13509
-0.50877
0.65852
-0.52120
0.15880
0.27001
-0.57971
0.63809
-0.42230
0.02709
0.37720
-0.61831
0.59524
-0.32010
-0.08859
0.45733
-0.63141
0.53954
-0.22255
-0.18528
0.51335
-0.62619
0.47900
-0.13492
-0.26249
0.54945
-0.60935
0.41976
-0.06028
-0.32134
0.57010
-0.58657
0.36625
0.00000
-0.36379
0.57950
-0.56237
0.32138
0.04563
-0.39207
0.58125
-0.54008
0.28693
0.07697
-0.40828
0.57811
-0.52195
0.26375
0.09469
-0.41410
0.57197
-0.50925
0.25209
0.09948
-0.41071
0.56383
-0.50241
0.25173
0.09195
-0.39865
0.55387
-0.50111
0.26207
0.07259
-0.37794
0.54147
-0.50432
0.28215
0.04178
-0.34808
0.52530
-0.51033
0.31054
-0.00000
-0.30824
0.50343
-0.51675
0.34529
-0.05206
-0.25748
0.47345
-0.52048
0.38373
-0.11316
-0.19502
0.43271
-0.51781
0.42233
-0.18125
-0.12061
0.37860
-0.50454
0.45666
-0.25317
-0.03499
0.30902
-0.47627
0.48137
-0.32435
0.05965
0.22294
-0.42888
0.49044
-0.38874
0.15920
0.12105
-0.35924
0.47769
-0.43894
0.25734
0.00647
-0.26607
0.43756
-0.46663
0.34550
-0.11465
-0.15095
0.36630
-0.46356
0.41324
-0.23288
-0.01931
0.26335
-0.42298
0.44935
-0.33574
0.11898
0.13276
-0.34148
0.44352
-0.40884
0.24959
-0.01568
-0.22102
0.38882
-0.43789
0.35482
-0.16606
-0.07073
0.28442
-0.41177
0.41606
-0.29745
0.09230
0.13816
-0.32621
0.41749
-0.38659
0.24392
-0.03201
-0.18726
0.35085
-0.41257
0.35603
-0.19873
-0.01353
0.22009
-0.36280
0.40235
-0.32891
0.16434
0.04448
-0.23909
0.36587
-0.39070
0.30801
-0.14175
-0.06169
0.24650
-0.36280
0.38000
-0.29468
0.13103
0.06619
-0.24394
0.35520
-0.37130
0.28918
-0.13169
-0.05890
0.23231
-0.34355
0.36449
-0.29085
0.14283
0.04054
-0.21180
0.32731
-0.35838
0.29819
-0.16313
-0.01178
0.18206
-0.30512
0.35085
-0.30888
0.19073
-0.02660
-0.14250
0.27501
-0.33898
0.31971
-0.22299
0.07323
0.09274
-0.23479
0.31921
-0.32660
0.25622
-0.12579
-0.03308
0.18259
-0.28778
0.32465
-0.28552
0.18050
-0.03476
-0.11753
0.24130
-0.30860
0.30484
-0.23182
0.10705
0.04063
-0.17768
0.27352
-0.30733
0.27243
-0.17749
0.04432
0.09724
-0.21603
0.28640
-0.29370
0.23723
-0.13007
-0.00398
0.13579
-0.23721
0.28706
-0.27548
0.20579
-0.09348
-0.03727
0.15885
-0.24607
0.28131
-0.25802
0.18184
-0.06915
-0.05649
0.16928
-0.24653
0.27312
-0.24443
0.16702
-0.05706
-0.06308
0.16942
-0.24114
0.26462
-0.23598
0.16155
-0.05651
-0.05835
0.16069
-0.23101
0.25631
-0.23242
0.16462
-0.06640
-0.04327
0.14360
-0.21595
0.24725
-0.23230
0.17456
-0.08532
-0.01858
0.11793
-0.19470
0.23532
-0.23300
0.18880
-0.11129
0.01480
0.08322
-0.16542
0.21752
-0.23086
0.20370
-0.14138
0.05526
0.03941
-0.12622
0.19042
-0.22141
0.21443
-0.17127
0.09976
-0.01234
-0.07612
0.15089
-0.19980
0.21518
-0.19504
0.14323
-0.06870
-0.01610
0.09730
-0.16190
0.19981
-0.20541
0.17834
-0.12339
0.04967
0.03095
-0.10578
0.16329
-0.19484
0.19600
-0.16709
0.11301
-0.04241
-0.03377
0.10393
-0.15766
0.18718
-0.18850
0.16191
-0.11177
0.04584
0.02598
-0.09314
0.14599
-0.17715
0.18251
-0.16173
0.11822
-0.05851
-0.00870
0.07386
-0.12790
0.16348
-0.17601
0.16415
-0.12993
0.07842
-0.01690
-0.04613
0.10215
-0.14379
0.16574
-0.16542
0.14326
-0.10256
0.04896
0.01033
-0.06752
0.11528
-0.14763
0.16071
-0.15320
0.12640
-0.08404
0.03170
0.02392
-0.07585
0.11774
-0.14462
0.15347
-0.14353
0.11635
-0.07550
0.02615
0.02568
-0.07378
0.11253
-0.13755
0.14615
-0.13764
0.11331
-0.07625
0.03095
0.01727
-0.06289
0.10081
-0.12690
0.13846
-0.13449
0.11570
-0.08444
0.04436
-0.00000
-0.04376
0.08221
-0.11134
0.12819
-0.13123
0.12039
-0.09706
0.06393
-0.02461
-0.01670
0.05573
-0.08853
0.11188
-0.12361
0.12274
-0.10963
0.08579
-0.05381
0.01698
0.02100
-0.05640
0.08585
-0.10662
0.11691
-0.11593
0.10400
-0.08246
0.05351
-0.01999
-0.01490
0.04792
-0.07609
0.09694
-0.10873
0.11057
-0.10251
0.08545
-0.06109
0.03172
0.00000
-0.03126
0.05937
-0.08197
0.09726
-0.10408
0.10202
-0.09144
0.07340
-0.04955
0.02197
0.00700
-0.03497
0.05971
-0.07928
0.09223
-0.09767
0.09532
-0.08554
0.06924
-0.04782
0.02304
0.00313
-0.02867
0.05166
-0.07043
0.08366
-0.09049
0.09055
-0.08398
0.07141
-0.05387
0.03273
-0.00958
-0.01389
0.03603
-0.05531
0.07045
-0.08049
0.08485
-0.08337
0.07627
-0.06415
0.04793
-0.02879
0.00804
0.01290
-0.03268
0.05004
-0.06392
0.07350
-0.07829
0.07808
-0.07300
0.06348
-0.05020
0.03407
-0.01612
-0.00251
0.02069
-0.03736
0.05155
-0.06249
0.06963
-0.07262
0.07141
-0.06615
0.05724
-0.04526
0.03096
-0.01517
-0.00119
0.01721
-0.03205
0.04492
-0.05518
0.06236
-0.06615
0.06643
-0.06327
0.05692
-0.04778
0.03637
-0.02334
0.00936
0.00485
-0.01859
0.03119
-0.04207
0.05076
-0.05689
0.06024
-0.06072
0.05838
-0.05340
0.04606
-0.03677
0.02599
-0.01423
0.00205
0.01001
-0.02143
0.03173
-0.04050
0.04740
-0.05219
0.05472
-0.05496
0.05294
-0.04881
0.04278
-0.03516
0.02628
-0.01653
0.00631
0.00398
-0.01393
0.02317
-0.03139
0.03829
-0.04365
0.04733
-0.04923
0.04933
-0.04768
0.04438
-0.03959
0.03352
-0.02641
0.01854
-0.01019
0.00165
0.00678
-0.01484
0.02227
-0.02886
0.03440
-0.03876
0.04184
-0.04357
0.04394
