-6900
-6600
-6200
-5500
-5400
-4800
-4400
-4100
-3500
-3100
-2900
-2600
-1900
-1600
-1400
-900
-300
-200
300
700
1000
1400
2000
2500
2700
3100
3500
4000
4500
4800
5000
5600
6000
6400
6600
-6800
-6400
-6000
-5500
-5300
-4900
-4300
-3900
-3800
-3200
-2700
-2300
-2100
-1500
-1200
-900
-300
-200
300
700
1300
1500
2000
2200
2800
3200
3400
3800
4200
4600
5100
5400
6000
6400
6700
-6800
-6400
-6200
-5500
-5200
-4800
-4400
-4000
-3600
-3400
-2900
-2300
-2100
-1700
-1100
-700
-500
-200
200
700
1200
1500
1800
2400
2800
3000
3400
4100
4200
4800
5300
5400
5900
6500
6900
-6700
-6600
-6100
-5600
-5200
-4800
-4400
-3900
-3800
-3100
-2900
-2300
-2200
-1700
-1200
-700
-600
100
500
700
1000
1500
2000
2500
2900
3200
3700
4100
4400
4900
5300
5600
5900
6400
6600
-6900
-6500
-6000
-5800
-5300
-5000
-4500
-4000
-3500
-3100
-2700
-2300
-2000
-1700
-1300
-900
-300
-200
500
800
1200
1500
1800
2200
2700
3000
3600
3900
4300
4900
5300
5600
6000
6500
6900
-6700
-6600
-6000
-5500
-5200
-4700
-4300
-4200
-3700
-3200
-2700
-2600
-2100
-1600
-1100
-900
-600
-200
400
700
1200
1700
2100
2400
2900
3200
3700
4100
4500
4700
5000
5500
6100
6300
6800
-6700
-6400
-6100
-5800
-5400
-4900
-4400
-3900
-3700
-3400
-2700
-2400
-1900
-1600
-1100
-700
-400
-200
300
800
1200
1500
1800
2300
2700
3000
3600
3900
4200
4600
5100
5600
5800
6300
6800
-6900
-6500
-5900
-5800
-5100
-4900
-4400
-4200
-3800
-3200
-2800
-2500
-1900
-1600
-1100
-900
-300
100
500
900
1200
1700
1900
2300
2600
3000
3700
4000
4500
4800
5200
5500
5800
6400
6700
-6700
-6300
-6000
-5500
-5400
-5000
-4500
-4200
-3700
-3400
-3000
-2500
-2100
-1800
-1200
-700
-500
0
200
700
1200
1400
1800
2500
2600
3100
3700
4000
4200
4600
5200
5400
5800
6300
6900
-6800
-6500
-5900
-5800
-5100
-4700
-4400
-3900
-3600
-3400
-2700
-2400
-2200
-1700
-1400
-900
-300
0
200
800
1100
1400
1900
2300
2700
3100
3700
3900
4300
4800
5200
5500
6000
6200
6800
-6800
-6300
-6000
-5600
-5400
-5000
-4500
-4200
-3500
-3300
-3000
-2300
-1900
-1800
-1400
-1000
-400
-100
400
700
1000
1500
1900
2200
2800
3100
3600
4100
4300
4900
5000
5700
6000
6500
6700
-6700
-6600
-5900
-5700
-5300
-4900
-4400
-3900
-3600
-3100
-2700
-2500
-2000
-1700
-1300
-700
-400
-200
200
700
1100
1400
1800
2200
2900
3100
3700
4100
4300
4800
5200
5400
6100
6500
6600
-6700
-6600
-6100
-5600
-5200
-5000
-4600
-3900
-3800
-3200
-2700
-2400
-2200
-1600
-1400
-800
-400
-200
400
900
1200
1500
2000
2400
2700
3000
3600
3900
4400
4600
5300
5500
5900
6400
6700
-6900
-6400
-5900
-5500
-5200
-4800
-4500
-3900
-3600
-3300
-2800
-2400
-2000
-1700
-1400
-700
-500
-200
300
600
1000
1700
1900
2500
2600
3300
3500
3800
4200
4700
5200
5400
6100
6400
6800
-6700
-6300
-6000
-5600
-5300
-4800
-4400
-4200
-3600
-3200
-2900
-2500
-2200
-1800
-1200
-700
-500
100
500
600
1200
1500
1900
2400
2700
3000
3500
3900
4300
4800
5300
5400
5800
6200
6700
-6700
-6400
-6000
-5500
-5200
-5000
-4300
-4100
-3500
-3100
-2900
-2500
-1900
-1800
-1400
-800
-500
-200
200
800
1200
1400
1900
2200
2600
3300
3600
3900
4300
4700
5000
5500
5900
6500
6700
-6700
-6600
-6100
-5700
-5300
-5000
-4600
-3900
-3800
-3200
-2900
-2400
-1900
-1700
-1200
-700
-600
-100
200
800
1000
1700
1800
2500
2800
3100
3500
3800
4500
4900
5100
5500
6100
6400
6700
-6800
-6400
-6200
-5500
-5300
-5000
-4300
-4200
-3800
-3200
-3000
-2300
-1900
-1700
-1300
-900
-600
-200
400
600
1100
1700
2000
2200
2800
3100
3400
4000
4200
4700
5300
5600
5800
6400
6800
-6900
-6600
-6000
-5800
-5400
-4900
-4500
-4100
-3700
-3300
-2800
-2600
-2100
-1600
-1200
-1000
-500
0
400
800
1000
1500
1900
2500
2900
3100
3500
3900
4500
4900
5000
5500
5900
6200
6600
-6700
-6600
-6100
-5800
-5400
-4900
-4400
-4000
-3700
-3400
-2900
-2300
-1900
-1600
-1300
-900
-300
-200
400
600
1300
1500
1800
2400
2800
3200
3600
3900
4300
4900
5200
5700
5900
6400
6600
-7000
-6500
-6000
-5500
-5100
-4900
-4600
-4100
-3500
-3100
-2900
-2600
-2100
-1800
-1300
-700
-400
-100
400
900
1000
1500
1900
2400
2600
3100
3500
3900
4400
4600
5000
5600
5800
6200
6800
-6800
-6600
-6100
-5800
-5300
-4700
-4300
-3900
-3500
-3300
-2900
-2600
-1900
-1600
-1100
