32767
0
8614
-174
-6317
-146
3983
-916
-1240
543
-206
54
2567
-381
-1114
1046
1829
294
-2307
2352
-2814
1471
3550
-1668
1624
873
2247
-2880
1004
-6468
-2775
-568
579
1257
-825
-1003
-2277
-1911
2315
618
1441
1211
-632
-4243
1244
-944
362
1375
-3740
-4956
-2521
-1248
3198
-1028
818
-6285
-4506
831
-1495
3731
-1388
-802
-8191
-1588
-7646
-1143
-4373
1369
-6482
88
274
-2280
8222
2652
-23
3326
-6266
-1537
-3059
-382
310
1847
2975
-1086
-2709
-210
-7865
1039
-3479
-4977
-940
-1911
56
2491
-1565
-4348
-1845
200
2226
1217
-2775
-10256
-2061
-2094
6783
5078
3476
-1147
863
4820
860
8506
2655
3677
9243
1211
580
-1710
-6094
746
445
4051
-1312
3052
403
1480
4108
-2701
1445
-905
2431
4589
-270
974
1176
-3071
4335
525
-3653
1674
-2855
-6815
1127
-9272
-1195
1570
266
7110
-1110
6079
3640
4329
8235
1096
-274
2438
1817
738
4553
-3576
-1745
589
2974
4548
2566
3364
-4816
-448
-5862
-2042
-9308
-15
-1544
-2357
8970
-527
-1882
2620
-4823
-2703
2807
-63
-4673
2770
-2125
-2576
8953
423
-1265
2402
-9328
13
-5896
2014
-4878
521
2426
-3314
3093
-4564
-1775
-703
4459
3580
1960
-639
-391
-2473
8160
-1074
3809
-4269
-1126
-6061
280
-7114
-1203
-1768
1108
9158
-2735
6981
-3775
-1594
4266
-613
1288
3066
-332
-856
2437
-4614
1427
790
4087
2756
515
-1423
-1373
-3032
511
-4057
-6030
-837
329
1732
9255
-1162
2778
-3610
836
-8449
878
-4990
3364
1177
6843
-5008
-1900
1822
-2892
10330
2230
-1033
-1774
-365
-1621
4417
65
-2427
-923
1756
-3391
5051
-7850
-973
-2868
143
2964
1132
376
-1829
-2993
313
-6259
1586
-229
-3250
8212
-2746
489
2248
-6480
-13
-4384
-1404
-7558
1116
-8278
1585
-1484
853
-1416
-3667
-4525
-991
696
6267
3253
1147
-2424
1134
-3790
5003
298
-1287
1272
816
-622
4295
1377
-1137
2370
-683
-2221
1901
-904
1037
631
-1226
-2766
463
911
6422
2287
3011
1578
-896
3588
1659
-2698
-1393
-2424
-2397
1850
-296
-1107
-1047
2502
354
-79
-22
-1364
-567
4044
909
-6196
162
8008
165
32756
13
9226
-183
-6428
-130
3912
-922
-1112
518
-332
86
2630
-407
-1116
1044
1805
293
-2188
2306
-2929
1548
3507
-1674
1673
848
2205
-2748
1097
-6510
-2780
-676
525
1287
-745
-968
-2332
-1920
2257
550
1505
1283
-641
-4187
1213
-1076
425
1460
-3686
-4904
-2617
-1365
3138
-910
941
-6297
-4483
667
-1577
3792
-1294
-747
-8099
-1591
-7733
-1170
-4365
1331
-6481
163
55
-2309
8225
2553
190
3401
-6270
-1484
-3128
-453
242
1863
2983
-1036
-2546
-278
-7877
1102
-3571
-4898
-957
-2069
45
2551
-1508
-4272
-1915
29
2217
1398
-2652
-10170
-2222
-2374
6715
5144
3591
-1110
849
4645
884
8562
2533
3746
9222
1261
838
-1684
-6154
652
373
4043
-1247
3073
289
1536
4127
-2643
1466
-1022
2424
4559
-204
1096
1062
-3072
4400
434
-3524
1753
-2977
-6642
1143
-9383
-1185
1364
249
7104
-1092
6098
3468
4389
8306
1121
-149
2400
1669
839
4645
-3569
-1708
472
2849
4530
2707
3416
-4749
-372
-5828
-2070
-9283
-20
-1829
-2309
8979
-633
-1627
2661
-4974
-2630
2799
-193
-4512
2834
-2373
-2526
8924
315
-975
2446
-9343
13
-5935
1983
-4938
595
2278
-3260
3214
-4578
-1800
-820
4356
3580
2108
-535
-506
-2508
8076
-1053
3984
-4206
-1139
-6043
292
-7116
-1209
-1972
1084
9033
-2608
7152
-3898
-1506
4189
-704
1407
3058
-395
-732
2440
-4637
1411
667
4062
2811
634
-1362
-1435
-3011
574
-4062
-5957
-933
67
1753
9262
-1110
2910
-3542
812
-8384
894
-5167
3247
1202
6901
-4927
-1726
1536
-3013
10399
2230
-833
-1696
-539
-1680
4483
74
-2353
-906
1591
-3300
5125
-7828
-900
-3037
72
2948
1180
447
-1808
-2922
239
-6247
1636
-448
-3167
8193
-2843
718
2211
-6474
66
-4398
-1440
-7464
1085
-8366
1583
-1588
906
-1333
-3597
-4541
-1158
564
6242
3307
1276
-2318
1016
-3842
5047
228
-1190
1302
679
-610
4345
1309
-1056
2424
-752
-2158
1889
-987
1072
683
-1192
-2754
355
811
6369
2329
3149
1531
-917
3624
1647
-2571
-1309
-2545
-2442
1868
-300
-1096
-1046
2430
325
53
11
-1490
-591
4099
901
-6057
180
7377
155
32767
0
9071
-120
-6423
462
3502
-228
-1167
-1013
-694
-492
1939
176
-2546
-286
1003
-614
1081
-478
857
-2051
2091
-932
-2632
3216
1096
2556
3730
-253
-1150
-1494
1430
-1921
3314
-177
294
-466
-2349
-2563
-3937
-2492
-3128
-1695
-3465
-609
39
-2983
3689
-5414
-584
-2305
928
-2040
3912
-1178
-1717
3356
-4402
671
-6074
-2434
-8889
749
-3446
3935
4742
2703
1341
-3507
-8317
-2297
-5906
3428
-1676
-1156
-3155
-3134
2248
2030
-1740
3176
-8699
-292
1722
-6001
544
-2380
-5998
4581
1842
-902
1937
-3157
3281
-349
3353
-2664
-8770
-1742
-1926
-709
6878
-1002
-2353
-107
-1621
756
-733
5197
-2606
1387
5559
-3620
3873
6288
206
8241
5517
2834
3308
5662
1422
2302
5107
-4784
3256
-5840
-2131
-1324
-4779
3235
-1542
-1292
461
-576
-3022
3081
-1572
-3857
2378
-1155
2422
3929
3527
-1545
3943
1497
3100
5663
2114
3384
-3490
1851
-4026
247
3852
2069
2315
-1616
-1318
-6510
3935
-943
-776
-236
-5057
2194
6321
7831
5831
1485
-3812
2293
-3452
5480
-5636
-5564
-4443
-9276
935
-101
-4325
9189
-5700
5771
-3433
-5385
-3888
-2422
5645
-1366
6502
-7814
-4952
-2331
-958
270
3988
846
-1272
6484
2193
1758
3949
-2090
-3917
-249
-3595
-1817
2054
-3346
3097
-5654
3925
-1628
3557
1606
2421
-3886
2407
993
-1486
3955
-3066
-3027
427
463
-1458
1384
-4771
-3229
-2218
1203
3168
5807
5141
4860
1470
-2158
3213
-5700
5573
-2824
260
-8129
3739
-6474
5670
3555
-2522
-1223
-812
-5244
-1524
-813
-2483
105
6813
986
-1638
722
-8885
1696
3184
2697
3380
353
1879
3100
1960
1035
-5949
-4589
354
2213
1898
6054
-8638
394
-1945
-3150
2328
-2102
-3121
3069
-1692
1276
-5775
-3441
-8406
2174
1162
3592
4811
-2617
-3277
-3965
-8881
-824
-6140
2421
-4408
-572
-1822
-3388
3870
1100
1029
2067
-649
2251
3665
5397
150
3059
-3459
609
-3120
1674
-3937
2481
-2395
2582
240
505
3282
148
1518
1906
-1187
1513
3663
286
1226
-2501
-2672
-3261
2035
861
911
2076
1030
491
1079
608
-2559
301
1871
-179
-578
476
-1292
1015
3574
249
-6321
-464
8470
110
32756
10
9677
-129
-6514
460
3422
-206
-1039
-1011
-810
-509
2003
173
-2529
-271
924
-619
1132
-465
803
-2025
2145
-1002
-2588
3169
965
2612
3793
-220
-1108
-1475
1341
-1935
3345
-208
349
-427
-2303
-2543
-3936
-2504
-3137
-1716
-3469
-611
-72
-2906
3709
-5430
-514
-2361
825
-2012
3950
-1255
-1608
3319
-4396
771
-6007
-2445
-8894
673
-3618
3903
4666
2789
1522
-3418
-8221
-2421
-6041
3409
-1662
-1033
-3186
-3198
2161
1953
-1530
3200
-8754
-188
1535
-5944
736
-2549
-6042
4566
1716
-764
1997
-3212
3179
-347
3520
-2628
-8642
-1790
-2221
-696
6936
-1018
-2213
-110
-1722
700
-654
5145
-2686
1554
5440
-3680
4010
6092
155
8352
5456
2848
3405
5619
1374
2448
5069
-4704
3346
-5871
-2040
-1448
-4784
3237
-1628
-1194
494
-691
-2974
3130
-1658
-3752
2346
-1321
2425
3967
3496
-1478
3960
1363
3104
5670
2172
3423
-3381
1885
-4134
246
3749
2045
2439
-1470
-1361
-6533
3876
-1045
-589
-199
-5158
2054
6127
7841
6020
1612
-3728
2161
-3475
5572
-5568
-5347
-4564
-9360
930
-311
-4199
9094
-5764
5981
-3414
-5280
-3962
-2557
5448
-1246
6685
-7791
-4836
-2476
-1147
305
4037
749
-1219
6451
2066
1907
4044
-2109
-3800
-254
-3701
-1781
1990
-3308
3094
-5641
3907
-1764
3588
1665
2420
-3836
2436
822
-1396
4052
-3110
-2965
389
343
-1371
1478
-4761
-3219
-2308
1076
3074
5771
5175
4937
1524
-2006
3115
-5738
5628
-2818
321
-8009
3597
-6667
5782
3479
-2429
-1050
-897
-5290
-1422
-875
-2615
103
6736
968
-1332
736
-8998
1648
2998
2730
3486
360
1819
3038
2080
1174
-5888
-4592
150
2034
2079
6106
-8565
504
-2166
-3122
2409
-2178
-3081
2996
-1712
1401
-5634
-3451
-8495
2041
969
3679
4880
-2523
-3097
-3995
-8868
-903
-6212
2404
-4415
-468
-1932
-3419
3822
1015
1137
2096
-716
2196
3637
5376
268
3139
-3452
610
-3113
1651
-3936
2468
-2442
2600
184
547
3245
118
1610
1889
-1222
1533
3589
320
1363
-2442
-2709
-3305
1972
785
969
2101
977
507
1157
601
-2568
316
1795
-181
-454
459
-1420
1016
3640
272
-6203
-466
7844
99
32767
0
8751
-330
-6260
54
3886
131
-716
-194
-92
-568
1744
-1611
-1299
-406
1573
526
-1015
-2196
194
-2190
1911
-2847
-2624
-4659
1308
1259
761
4494
-4396
1065
-136
439
1988
-772
-888
-555
-2219
1655
-42
-1821
839
-3106
-991
1714
1001
2426
-388
378
-924
427
4718
-1749
447
-643
-6530
4476
-3022
-443
6059
-837
9362
9461
457
2886
-1280
-4596
525
2083
-7396
-882
-2779
-3780
2599
-1081
-4910
-2750
-5142
1388
-4753
3364
-4249
-12
-1417
-2172
-4571
-4333
-668
2077
1890
983
-3871
-9074
-2541
-1132
809
6401
3444
1919
173
-961
-5518
-2674
3261
1722
3840
2778
-6105
-889
-3527
303
-4577
-6386
-6764
-6998
-713
2183
-924
-1381
440
748
2466
10402
-2771
6315
-1391
65
1161
637
-4418
2270
-6123
-274
-2706
-1148
-798
2608
2289
-2204
3892
-6098
297
-823
376
140
3009
-137
2401
2003
5305
2690
4783
-673
-456
-2973
4321
2649
7252
1103
628
-2131
55
696
2571
-6103
1087
-2135
1709
7558
5119
134
4422
-530
-3295
-5365
-7635
-12106
-1034
1137
4680
88
-870
-1343
-7605
12004
-3449
5587
4334
485
5167
-1
1761
-7550
1060
1891
2572
6217
115
-665
530
2087
7181
-987
4462
-2733
-475
2925
4684
764
5370
-2672
2409
-2037
3017
109
434
-113
237
740
3861
6053
2357
2350
-764
-2621
-2655
1090
-6079
342
-4522
-2267
1116
-679
-1297
-24
-2841
-6160
2413
-10466
522
-935
-960
1483
-640
-2246
-6694
6841
-4678
6538
-3448
-277
-6176
892
3663
-2704
3444
-1824
-5487
2659
26
1005
3472
-1838
855
-6384
-2466
888
-3932
9118
1817
-793
-539
-2207
-4598
4301
-1435
2229
-4181
54
-4785
-3317
-5092
-1494
-5013
2748
2531
1085
-2583
3734
-7480
1010
434
-2159
-1196
4548
298
-2639
9285
-9542
6214
676
-2883
578
-6563
-4494
279
546
4764
1794
-843
-416
-455
-367
1035
-2386
-990
-1787
808
3050
9
1905
-2209
-1647
-938
506
1958
805
-34
-439
-4399
-1019
645
-4460
1403
-1393
-2642
4625
1843
2901
284
2167
-1076
2235
1592
-498
-1283
363
1679
1618
10
585
-831
197
3953
-125
-6145
-62
8148
329
32756
10
9360
-331
-6365
46
3811
137
-597
-191
-196
-552
1807
-1602
-1312
-449
1549
552
-952
-2155
104
-2213
1976
-2793
-2602
-4691
1211
1123
876
4525
-4387
1113
-240
438
2017
-738
-837
-602
-2227
1659
-95
-1734
870
-3160
-989
1638
966
2466
-320
392
-1004
437
4667
-1703
617
-740
-6492
4454
-3161
-304
5898
-995
9435
9371
622
3139
-1363
-4639
612
2000
-7305
-749
-2981
-3826
2662
-1080
-4800
-2750
-5194
1279
-4720
3410
-4318
31
-1403
-2114
-4539
-4362
-801
1941
1961
1173
-3806
-9020
-2617
-1384
762
6414
3413
2003
323
-918
-5543
-2687
3069
1617
4017
2852
-6026
-882
-3611
326
-4475
-6228
-6832
-7154
-792
2112
-886
-1274
357
558
2516
10330
-2697
6475
-1487
111
1202
595
-4311
2272
-6166
-204
-2760
-1205
-833
2590
2219
-2053
3922
-6140
360
-910
317
167
3000
-166
2394
1968
5236
2707
4882
-579
-431
-3020
4175
2560
7320
1221
733
-2173
-5
724
2567
-5980
1116
-2384
1657
7559
5069
277
4510
-578
-3135
-5137
-7662
-12201
-1205
916
4675
270
-700
-1549
-7568
11888
-3607
5819
4240
442
5214
132
1815
-7532
1033
1635
2572
6330
179
-626
431
2037
7104
-866
4607
-2816
-491
2870
4580
858
5437
-2651
2419
-2071
3023
78
496
-85
177
657
3827
6003
2427
2502
-728
-2631
-2602
1027
-6032
412
-4628
-2262
1066
-722
-1198
16
-2910
-5997
2355
-10526
608
-1136
-997
1587
-566
-2305
-6616
6671
-4784
6695
-3367
-245
-6244
892
3471
-2623
3634
-1929
-5446
2639
-131
1050
3500
-1754
904
-6360
-2386
629
-3992
9157
1736
-588
-402
-2342
-4623
4263
-1457
2290
-4106
97
-4820
-3264
-5038
-1606
-5118
2743
2452
1091
-2373
3681
-7562
1147
333
-2235
-1105
4489
133
-2376
9197
-9619
6378
500
-2734
719
-6593
-4508
100
440
4807
1839
-754
-403
-526
-355
1068
-2343
-987
-1863
774
2987
63
1993
-2198
-1637
-991
454
1924
839
71
-439
-4399
-972
520
-4421
1501
-1532
-2656
4584
1768
2959
379
2144
-1138
2275
1610
-467
-1262
319
1607
1624
119
602
-948
200
4014
-118
-6012
-71
7520
327
32767
0
8445
-18
-6852
-305
4323
-549
-775
966
-607
518
2712
217
-2110
2228
1053
527
-591
-469
-2936
713
-678
-845
-4021
-28
-410
1705
124
1158
-5708
845
-676
-174
167
1196
-475
1445
3040
-2011
-3653
-710
-4041
1496
1852
3804
2074
5972
6631
-1185
3935
-3310
-2781
2233
494
474
1277
2359
4093
4022
5631
1
-1188
3751
2892
-899
6678
-10713
572
-4763
572
-3277
-237
-3247
141
6538
2845
3554
-4483
278
-5225
9422
1369
6866
-2477
-3620
-4622
-4924
1610
1016
3759
6544
-3590
3864
-6526
-1210
3865
-794
4107
473
-4102
1086
1708
2842
3091
3868
-3351
1190
-493
323
1147
5165
1655
2415
4948
-3511
1336
2703
-5188
5028
-6572
-1595
991
-869
5525
1702
-2332
474
-1805
-93
899
-2606
-7817
-5216
-5512
-3481
-1818
-605
-5643
-1276
2762
-2061
2918
-120
-4449
-751
7522
1358
11018
7851
-783
5758
-1860
-249
-1953
-2491
-2667
-1817
1114
3670
-934
2900
-1301
-482
981
4338
-2678
841
-4662
-2064
-3107
7249
368
3664
3042
-4449
-1868
565
-4677
2942
-2808
29
-4652
-2910
-1982
-682
3020
4459
450
-3458
-3066
-7362
-4652
1959
-2758
-693
966
-4396
-1245
448
-997
-2801
1142
-3751
-2612
1750
-2003
2513
-1813
319
-926
-5640
10851
-7915
7785
-1469
-4407
772
2741
99
2938
2039
-5613
1312
-1881
581
-5363
3420
-7929
5226
806
2672
-1686
111
-2457
-455
5462
-1700
1167
795
-6514
1672
-5275
-4940
1213
-2852
4961
3507
1714
-2270
1128
-5224
-409
-380
-3389
-1125
2977
-3854
1858
-2879
-4129
-1107
3944
-482
4038
761
-6425
1251
-3748
-3754
3700
-6578
1723
-1146
-4559
4861
-2593
3742
1403
-6677
-5103
-9540
-4626
-380
2800
-3396
216
-6645
-283
3114
603
3347
497
4622
6612
10739
3050
1124
-1250
-3814
5543
5
4191
-3958
1270
-2449
561
-432
-2797
-2272
3777
3221
6701
1334
2107
-5926
1887
-3876
-3923
-1516
-3787
652
3013
2044
-400
-1395
103
-1239
-564
181
-5716
-832
10
-1149
-298
-1708
-4049
-17
-700
869
-2892
-707
-691
446
1118
-475
-2132
-2239
2648
-248
-479
-490
-918
-987
4405
533
-6729
319
7831
16
32756
2
9065
-19
-6965
-292
4232
-563
-628
944
-733
547
2772
187
-2083
2215
985
580
-490
-491
-2978
717
-659
-820
-3988
-73
-523
1701
236
1167
-5694
858
-791
-167
230
1153
-548
1494
3062
-1975
-3514
-770
-4159
1476
1812
3731
2043
6014
6556
-1030
4094
-3396
-2760
2191
423
519
1285
2266
3993
4084
5717
12
-1119
3682
2730
-672
6741
-10679
651
-4910
540
-3205
-190
-3379
66
6422
2886
3717
-4335
180
-5347
9296
1330
7057
-2358
-3491
-4683
-4986
1492
882
3815
6505
-3427
3976
-6623
-1166
3683
-829
4271
463
-4067
1065
1552
2805
3204
3880
-3308
1256
-581
267
1166
5102
1595
2562
4933
-3510
1462
2547
-5096
5115
-6628
-1512
811
-945
5584
1703
-2198
494
-1926
-76
988
-2539
-7697
-5204
-5664
-3543
-1758
-631
-5667
-1240
2578
-2082
3096
-143
-4484
-729
7247
1245
11183
7781
-631
5878
-1908
-175
-1902
-2468
-2721
-1884
1082
3583
-867
3001
-1356
-513
993
4274
-2595
994
-4671
-2168
-3148
7126
283
3874
3061
-4433
-1749
442
-4701
2972
-2811
89
-4624
-2876
-2100
-801
2994
4464
536
-3243
-3024
-7474
-4639
1843
-2840
-540
947
-4452
-1186
409
-1063
-2697
1168
-3832
-2553
1678
-2056
2536
-1765
390
-1069
-5516
10671
-7978
8055
-1588
-4353
793
2553
78
3117
2015
-5575
1348
-1951
558
-5207
3356
-8041
5234
703
2741
-1560
130
-2585
-436
5390
-1696
1350
717
-6449
1749
-5366
-4843
1083
-3008
4971
3497
1778
-2115
1107
-5282
-320
-443
-3424
-1058
2853
-3838
2013
-2917
-4151
-1129
3768
-491
4217
725
-6312
1291
-3914
-3637
3633
-6611
1841
-1285
-4488
4792
-2714
3868
1433
-6473
-4970
-9659
-4774
-495
2747
-3227
298
-6753
-332
2966
634
3423
422
4475
6536
10759
3217
1365
-1311
-3877
5445
7
4295
-3886
1264
-2546
630
-389
-2809
-2308
3607
3123
6773
1491
2146
-5873
1922
-3954
-3794
-1537
-3926
590
2979
2077
-319
-1339
35
-1284
-448
187
-5719
-817
-113
-1141
-182
-1710
-4076
-66
-726
893
-2844
-699
-796
420
1183
-421
-2151
-2249
2576
-282
-344
-460
-1064
-1008
4482
516
-6587
333
7192
14
32767
0
8601
-173
-5580
133
4179
-74
-2886
115
-2144
1024
1453
877
-1903
126
393
-411
-144
-1023
1069
-550
700
-262
-1724
-2030
2025
-1916
184
777
-1373
504
-529
-1534
-1872
-1883
2155
-3088
697
-3402
-1956
-755
1166
-1432
-2287
-4507
-2952
-3329
1639
-2634
1159
-3887
-1263
-266
-1534
1398
-919
-4490
-3043
-4792
-950
1608
555
667
-3615
-3694
805
-1317
-1712
2393
-7238
2559
2163
560
-2797
-1807
-8553
760
1394
4750
3389
103
8480
-4207
3840
1551
-9073
3916
748
-1119
1911
-949
-2076
254
7084
-3513
-701
-1930
-7906
3903
-2627
5792
-2073
9416
-2848
11932
-5391
3788
1057
-3008
4418
685
-7364
1261
-4165
-4752
2123
-6403
-667
-2991
4647
1592
4010
5276
-370
3681
1082
-788
1066
-2996
2248
-4519
-61
-2898
-1744
2535
1674
938
-1058
-5115
-2702
-1007
5256
4868
9535
-829
1702
-4713
326
2563
5133
6994
-4791
3061
-5232
-16
2829
342
-4391
1673
2651
3248
8150
2559
-5058
-1166
130
-3522
3249
-1168
-4024
2217
380
-107
636
-6139
880
-6722
-742
-2321
-6552
-10
-867
2249
922
6664
592
6219
469
208
-4044
-2240
3116
1094
341
3522
-5187
1238
7986
-2512
2921
-3266
-4478
-1702
2807
-361
-5044
32
-4992
-2972
5088
-6978
439
-2719
1549
4662
9481
980
5423
-4867
-2633
852
-1150
5153
1699
-820
-1700
-2599
-139
2813
2259
4537
1070
3023
1102
851
-378
-3604
3902
-5303
4746
-1678
-650
2914
2097
6370
-3968
4845
-7507
-1183
4279
-771
1246
3017
-5390
-3593
-2885
-11881
-2085
-9512
-2562
-5819
-7862
-3974
-957
1827
7148
3563
-1964
-215
1753
895
969
1187
-9095
-3858
3557
-1676
8581
4182
3407
33
1525
-4752
-8449
-855
-3029
1818
2280
-509
-7162
-2539
-1887
-2426
898
1233
-3624
3717
492
-575
-866
-1683
-3068
4696
-936
4589
-1516
-1340
-1293
176
1113
3873
1685
2660
-2878
3287
-2376
4528
1177
1492
-1918
718
600
3371
2218
3118
-1845
1889
-557
1554
-1343
-466
107
-811
2069
1876
-1696
2061
631
279
1117
533
-166
1027
429
423
-1909
-116
1405
-863
-2009
-1035
-3032
-130
4208
80
-5446
-135
8001
169
32756
7
9207
-177
-5703
131
4141
-68
-2735
101
-2278
1013
1498
890
-1894
137
355
-400
-121
-1018
1021
-568
768
-246
-1750
-1998
1978
-1955
263
742
-1401
543
-502
-1513
-1896
-1877
2089
-3057
793
-3432
-1991
-794
1152
-1373
-2197
-4483
-3025
-3373
1590
-2608
1205
-3899
-1232
-357
-1552
1454
-902
-4386
-3016
-4887
-1034
1528
616
761
-3601
-3668
707
-1403
-1534
2358
-7307
2579
2036
611
-2559
-1793
-8653
663
1255
4743
3373
242
8372
-4229
4126
1420
-9038
3973
516
-1048
2071
-1004
-2184
292
7010
-3459
-437
-2034
-7945
3829
-2697
5766
-2060
9319
-2812
11980
-5387
3989
863
-2994
4552
595
-7211
1339
-4367
-4654
2144
-6435
-679
-3069
4542
1504
4119
5246
-360
3759
1061
-723
1062
-2968
2236
-4501
18
-2984
-1786
2465
1646
1056
-963
-5072
-2770
-1165
5082
4864
9586
-672
1862
-4760
214
2402
5172
7007
-4580
3154
-5422
0
2844
322
-4294
1642
2371
3229
8311
2606
-4915
-1092
-88
-3520
3381
-1244
-3998
2192
286
-3
681
-6054
836
-6781
-615
-2396
-6546
-33
-999
2176
965
6601
548
6300
558
316
-4058
-2260
2973
1017
557
3520
-5311
1311
7805
-2461
3202
-3283
-4561
-1733
2776
-381
-4843
47
-5196
-2880
5034
-6957
559
-2880
1393
4604
9419
1137
5597
-4862
-2556
690
-1245
5188
1722
-695
-1652
-2664
-220
2721
2268
4553
1076
3052
1120
916
-383
-3522
3788
-5329
4847
-1768
-628
2833
2065
6333
-3759
4941
-7649
-1097
4125
-859
1444
3022
-5384
-3387
-2925
-11823
-2098
-9612
-2495
-5848
-7810
-4046
-1227
1716
7207
3613
-1838
-171
1583
838
1199
1255
-9108
-3792
3251
-1808
8684
4150
3430
178
1659
-4752
-8330
-957
-3276
1829
2397
-455
-7073
-2517
-2075
-2459
993
1143
-3630
3737
422
-475
-778
-1760
-3092
4591
-956
4692
-1495
-1275
-1323
82
1064
3856
1732
2688
-2797
3242
-2467
4549
1185
1556
-1875
681
498
3336
2281
3150
-1813
1896
-588
1574
-1311
-424
25
-846
2113
1833
-1662
2093
557
298
1166
514
-188
1031
464
436
-1912
-105
1351
-849
-1866
-1045
-3181
-146
4229
85
-5296
-137
7377
165
32767
0
8518
-106
-7182
-255
3470
-691
-453
-486
-553
-478
726
-965
-1871
-862
3010
-874
-1374
-261
-4482
-135
-91
-190
-1852
3274
-158
2333
-447
-2716
-3028
368
838
1476
-74
-1936
-1049
1174
407
1542
-230
658
842
66
-1732
-6997
-551
-3315
1844
2682
-3728
-3029
-143
-43
1434
-111
-4732
-7076
2198
-668
2366
-790
-5130
-3258
745
7302
3986
6604
4814
-1111
5848
-4631
-4391
-6113
-9698
585
-3001
-1038
1589
-7023
-2771
152
-7616
548
182
-6580
5481
-6552
921
-887
2793
5606
965
1870
-5938
-1824
-2473
1156
647
-2323
-595
-295
124
3471
-65
-583
1108
4988
1059
7908
-1655
1472
-799
1696
-352
2346
-1190
4245
564
4085
473
-2413
1930
1383
6383
5916
389
1671
-7857
1064
-2697
1929
-1736
1475
-4384
-1708
6944
-3296
5969
-311
-11690
-4944
-10617
-5442
-283
-79
-458
-5268
-1494
-2412
198
5230
2999
3312
2524
6693
805
4234
4871
-1662
3087
4348
-3145
918
-175
-4501
3844
1337
4333
-95
2800
-1630
-1068
1282
1279
-2030
5356
-1014
335
4003
-4680
64
194
-4024
5351
912
1383
2095
-1104
-1279
2734
1576
4331
184
3872
-1414
-70
4459
-3182
-743
2960
-4434
4936
1636
834
-4076
2471
-6766
3038
-3300
243
-5254
-1481
2231
-505
5361
-194
83
-10410
5330
-11904
5058
5699
310
7150
3252
-4295
1785
-1830
-1450
-2571
-1930
-7876
-1090
184
-1605
6399
-5888
2013
-1532
457
2468
592
-3988
-1178
-4305
-375
-2344
-764
-1735
-1678
-1402
1016
-7823
1140
-5146
-66
599
134
-3431
-599
172
635
2388
-2361
-1159
-5976
1789
829
-1735
2853
-5647
877
748
5440
6491
377
6654
-7593
-426
-2907
-290
1591
6997
-2861
1192
-9651
-692
-4601
6056
5761
4696
4875
1197
3973
-6454
886
-7453
-5142
3146
2209
911
2355
532
-4735
7081
1322
253
-10
-70
-3784
3095
1787
-2646
-461
3133
-1784
7078
838
24
-221
-681
403
-1499
-1017
-1241
-132
1939
891
-1411
-2999
-460
-520
2742
-99
-2236
-1881
-3332
-68
157
-4416
149
-1523
245
3053
872
-1827
860
656
968
-465
487
-571
479
3558
695
-7073
262
7904
106
32756
3
9137
-106
-7280
-248
3374
-687
-331
-493
-641
-470
794
-962
-1911
-865
2962
-876
-1223
-277
-4545
-121
-118
-223
-1820
3215
-218
2429
-373
-2685
-3053
275
782
1539
-15
-1929
-1081
1104
411
1584
-238
635
844
154
-1677
-6910
-641
-3498
1898
2713
-3666
-2957
-280
-161
1544
29
-4722
-7065
2035
-809
2523
-668
-5111
-3366
598
7141
3998
6754
4752
-1022
5932
-4565
-4174
-6168
-9741
471
-3145
-881
1583
-7043
-2632
7
-7635
671
-18
-6501
5518
-6612
971
-1028
2729
5559
1102
2007
-5893
-1856
-2588
1150
657
-2253
-591
-420
114
3508
-63
-561
1075
4824
1103
7991
-1629
1548
-834
1657
-330
2348
-1202
4183
535
4183
490
-2351
1846
1230
6362
5940
598
1741
-7831
1038
-2829
1928
-1642
1499
-4469
-1628
6728
-3338
6239
-316
-11462
-4825
-10826
-5554
-378
-81
-410
-5170
-1508
-2596
152
5200
2958
3327
2578
6615
778
4395
4802
-1683
3216
4256
-3103
1096
-283
-4540
3814
1253
4333
-3
2865
-1683
-1030
1283
1171
-1961
5357
-1118
481
3976
-4676
197
48
-4043
5342
805
1493
2160
-1137
-1271
2665
1518
4329
275
3899
-1490
37
4410
-3215
-562
2826
-4517
5000
1602
868
-3910
2415
-6840
3076
-3292
291
-5274
-1465
2041
-553
5453
-107
92
-10191
5211
-12118
5175
5409
313
7359
3204
-4194
1865
-1930
-1423
-2441
-1930
-7890
-1117
-30
-1537
6411
-5855
2103
-1689
440
2522
619
-3881
-1163
-4367
-399
-2344
-728
-1774
-1701
-1331
968
-7729
1173
-5312
-67
611
143
-3384
-601
41
621
2453
-2244
-1158
-6012
1748
681
-1594
2915
-5686
833
600
5393
6425
583
6730
-7562
-292
-3052
-434
1590
6963
-2713
1359
-9596
-803
-4822
5991
5663
4766
4941
1285
3958
-6293
1034
-7609
-5148
3020
2038
1041
2518
392
-4731
7078
1199
408
130
-189
-3839
3160
1722
-2602
-364
2940
-1837
7159
831
124
-210
-707
396
-1454
-982
-1310
-193
1939
944
-1341
-2966
-555
-600
2766
-38
-2131
-1910
-3391
-48
119
-4343
164
-1679
229
3093
870
-1776
858
580
972
-372
497
-693
471
3641
698
-6946
270
7264
107
32767
0
8925
-79
-6104
779
4390
-350
-1084
-556
-725
492
2316
-1286
-3691
-1256
431
244
2628
-1489
-410
-1549
-525
-1978
-1526
-3428
1311
445
2078
1734
-249
-1117
-952
-820
-4504
-1055
-2283
-295
2485
1996
691
776
518
-1195
-130
-2316
-1837
-1625
-762
-684
-912
-117
-2203
3607
-3992
1872
-1210
-1511
1520
1907
-2799
-1602
-236
-1889
2231
7201
-3161
610
-2143
-7509
-3809
566
-5343
3624
593
-3098
-2990
-8021
-3727
-4347
1242
1311
-3904
-2263
-3650
-1124
-1109
6211
-4105
1975
900
-3742
6809
-785
8634
964
5991
-621
-502
-35
616
872
-893
646
-4063
4614
2187
1743
899
-8411
-1579
-2708
769
2704
-6852
-3963
-4587
-3116
7897
-7049
4733
-8166
-971
5571
-1758
3661
-5084
-375
-2140
6645
1911
3167
-889
3120
-537
3433
2421
-3169
1309
-1320
1181
-4834
-1007
-2672
-6369
12018
1640
7704
10091
2938
-3364
8602
-9541
3323
3580
1578
5085
3916
-321
1795
2262
2964
883
2087
-2429
1417
150
182
1020
-4717
-501
-2790
1915
79
2889
-43
-1089
-339
-380
-2982
2808
-50
-305
2999
-1146
377
2844
36
1976
-86
-497
2706
991
4761
208
-102
-2429
-1430
798
-2048
2309
-2987
-333
-1781
4966
-3898
3780
-1639
-9402
-3194
-3671
-8617
10032
-3020
1897
-7497
-6380
-12157
-1113
2433
1191
4945
1281
1287
2436
3215
-475
-3325
-942
-3197
1908
-3070
-2028
-6695
-5112
282
-1803
-3485
-995
-5743
4576
7989
8004
7194
-4361
3084
-6988
4035
721
-2636
-1529
2500
794
8483
2279
-1558
-4013
-4679
-996
-678
665
-863
-560
3
5874
639
8645
-948
6865
712
1043
3751
-4106
-1819
-1148
-6259
-3561
990
-4003
2345
1235
-1326
-3623
4213
-3105
8040
639
3231
-5263
-3556
-3899
-733
-2101
7479
-3217
-366
2166
-7268
-123
1746
-2851
1715
1484
-1937
-1115
1488
-4000
-1774
-2236
-3655
-929
71
-745
685
-1836
1597
-173
2325
534
1221
652
-734
2502
-2009
-2170
249
-4548
1069
-993
806
-264
1143
2034
-1691
1378
-528
-1519
3406
-537
2018
-430
1532
2576
1520
554
-238
-3729
1219
2236
1322
-595
-486
-1226
533
4458
378
-5987
-779
8323
63
32756
12
9532
-94
-6211
778
4312
-322
-938
-580
-855
498
2391
-1249
-3647
-1292
305
248
2679
-1457
-389
-1568
-513
-1938
-1531
-3448
1243
361
2120
1775
-233
-1089
-912
-836
-4457
-1041
-2396
-340
2466
1981
732
819
501
-1168
-88
-2307
-1837
-1655
-780
-682
-895
-161
-2170
3556
-3983
1972
-1306
-1530
1553
1872
-2743
-1486
-351
-2029
2293
7126
-3100
859
-2187
-7532
-3717
392
-5421
3690
540
-2960
-2871
-7998
-3832
-4483
1245
1291
-3800
-2176
-3741
-1260
-1073
6156
-4100
2134
753
-3728
6750
-861
8622
978
6108
-601
-438
-67
564
881
-788
615
-4109
4545
2090
1929
1007
-8330
-1628
-2921
812
2768
-6709
-3884
-4814
-3151
7780
-6901
4894
-8340
-945
5386
-1713
3841
-5053
-464
-2255
6588
1910
3269
-833
3041
-599
3540
2405
-3118
1339
-1358
1170
-4717
-900
-2912
-6352
11866
1376
7916
10141
2859
-3046
8580
-9675
3458
3368
1516
5205
3932
-303
1812
2212
2939
970
2128
-2427
1403
88
263
1049
-4668
-502
-2876
1850
72
2934
-49
-1029
-302
-455
-2962
2805
-153
-227
3015
-1202
418
2795
29
2040
-91
-492
2618
959
4803
268
-16
-2426
-1444
709
-2008
2356
-3010
-343
-1769
4840
-3877
3983
-1705
-9249
-3062
-3987
-8628
9962
-3111
2166
-7282
-6385
-12293
-1225
2177
1201
5060
1253
1255
2449
3257
-409
-3208
-996
-3277
1902
-2971
-1910
-6742
-5137
180
-1853
-3300
-1018
-5915
4412
7796
8110
7345
-4118
3054
-7125
4107
666
-2558
-1473
2281
682
8551
2371
-1359
-3955
-4745
-1105
-715
716
-852
-618
-29
5748
658
8655
-930
6923
636
1194
3757
-4103
-1654
-1192
-6304
-3465
843
-4105
2431
1222
-1337
-3508
4069
-3225
8057
683
3371
-5175
-3480
-3995
-907
-2058
7440
-3273
-107
2094
-7332
-3
1590
-2902
1833
1442
-1966
-1014
1461
-4007
-1668
-2272
-3704
-947
21
-728
688
-1834
1566
-219
2334
552
1250
612
-690
2516
-2020
-2049
199
-4592
1082
-1039
791
-279
1169
1987
-1643
1447
-613
-1509
3381
-552
2062
-449
1513
2519
1552
683
-229
-3764
1179
2147
1359
-457
-477
-1371
507
4521
407
-5851
-778
7697
46
32767
0
8595
142
-6561
694
4372
417
-923
1064
-2512
-3
143
-1212
-1309
98
2184
176
-304
114
-1682
972
-28
2332
-954
1234
2500
-1998
957
223
-1406
564
273
-1341
-1866
2443
2878
-667
5803
-3517
-232
3722
2410
1561
3213
-5655
-3414
-2682
-1553
1987
-1006
-134
-7956
-3313
-5022
158
3279
606
1075
-3155
-475
-821
1190
1584
-2546
5184
753
5273
3739
-2508
-2799
339
-26
3990
3277
395
-1022
1335
1561
-2965
2347
-3477
-1061
4078
-78
4955
673
6671
1872
4107
2812
1854
790
6327
-839
-1523
935
-1285
3058
10016
-4266
6118
-9581
2521
-1079
-2498
-730
-7009
-7571
2832
657
3999
7730
4018
456
5617
-335
-7152
4002
-4751
-2294
4061
-3194
-3313
4032
-1257
2567
4151
2858
2978
4233
5379
-566
851
1148
-5886
905
-2761
-4223
1281
-3839
-2142
-3444
-7512
-33
-2529
587
3698
-4524
-2435
-1445
-4350
1792
5353
5494
6850
8040
318
-2011
2783
-3545
5006
-29
-2285
-4957
-5064
-1678
-1817
1547
1962
1385
1956
1473
-4466
-6925
-1344
-8010
4611
-3747
-891
-4680
-45
-3735
982
-7917
-4592
-7068
1180
1388
4540
1417
-1871
1535
-2022
-1560
1750
-5004
5032
-73
2417
-3441
-4936
-2187
-2891
7952
-260
5606
-6746
1818
-5510
-1347
4239
-4556
2581
504
-3691
49
2359
-3427
7533
-3818
2262
-4266
-1292
814
2655
1216
5916
-615
-690
4175
-5395
2925
-2991
2506
-4153
4095
1106
-3076
3428
-2430
-4036
3983
4516
-234
7338
322
-5484
7694
-4113
890
-3925
-7576
-2992
-871
6929
-926
2660
-9523
-2500
-4454
-5987
3024
-10092
1000
1080
-844
1698
745
-6314
2797
-1926
1907
-4000
679
-6701
-48
-4953
-1083
-4160
2286
3361
1641
3075
-1055
-1333
3227
-372
104
-3947
-2872
-475
3668
2589
882
-5162
-2586
-5264
1159
-1619
-432
756
987
3172
3339
-536
-4853
-236
-8035
3308
-1101
218
-1468
-2013
-3477
2569
3112
5697
2512
-1406
-289
-3819
5729
3442
3019
793
-1872
-2486
261
1310
-1380
-509
871
-285
2550
2014
-930
-1171
-42
-2349
-1640
-993
-389
-124
2218
-166
-1278
-118
116
1203
-2427
42
-1078
-1071
4451
-420
-6439
-692
7986
-156
32756
6
9210
128
-6671
696
4284
414
-764
1057
-2595
35
169
-1220
-1337
77
2147
186
-218
105
-1722
951
-16
2313
-976
1296
2446
-1980
1044
159
-1430
618
284
-1369
-1857
2397
2736
-540
5874
-3588
-169
3620
2306
1716
3311
-5607
-3346
-2796
-1640
1958
-912
-49
-7872
-3316
-5191
78
3212
675
1166
-3136
-517
-889
1218
1549
-2502
5101
621
5382
3807
-2421
-2719
199
-159
4030
3325
421
-986
1334
1478
-2850
2407
-3593
-1036
3990
-110
4958
668
6638
1836
4218
2825
1785
835
6333
-834
-1339
870
-1490
3089
9930
-4071
6253
-9633
2543
-1240
-2333
-589
-7084
-7559
2663
417
4074
7762
3922
598
5745
-437
-6955
4016
-4990
-2152
4078
-3312
-3190
3963
-1411
2631
4146
2791
2967
4290
5358
-512
1015
1076
-5850
997
-2870
-4176
1267
-3862
-2020
-3459
-7486
-120
-2702
670
3700
-4487
-2283
-1547
-4459
1765
5188
5380
6954
8125
382
-1825
2673
-3651
5073
11
-2147
-4905
-5094
-1800
-1887
1557
1899
1353
2041
1556
-4385
-6774
-1511
-8105
4625
-3762
-792
-4679
-139
-3725
1074
-7818
-4567
-7213
1009
1296
4613
1451
-1779
1522
-2084
-1438
1680
-5047
4998
-124
2551
-3330
-4860
-2366
-3003
7855
-204
5723
-6634
1846
-5669
-1245
4118
-4586
2732
414
-3678
135
2181
-3408
7551
-3796
2388
-4308
-1300
716
2544
1287
5944
-663
-521
4111
-5409
2996
-3007
2444
-4151
4156
947
-2948
3543
-2570
-4002
3958
4266
-126
7525
183
-5336
7648
-4214
1135
-3847
-7575
-3156
-1023
6838
-768
2832
-9456
-2476
-4653
-5851
2983
-10166
1068
857
-847
1880
698
-6294
2781
-2005
1944
-3885
684
-6731
-16
-4952
-1104
-4243
2220
3233
1725
3190
-1085
-1327
3170
-351
242
-3899
-2944
-621
3587
2669
1020
-5041
-2625
-5348
1123
-1656
-384
687
894
3186
3399
-460
-4672
-318
-8114
3299
-1206
308
-1379
-2037
-3539
2450
3002
5737
2619
-1240
-345
-3917
5646
3358
3167
926
-1875
-2527
245
1274
-1350
-450
780
-349
2601
2028
-901
-1103
-59
-2367
-1594
-1016
-478
-135
2250
-156
-1243
-138
84
1193
-2336
83
-1238
-1076
4525
-424
-6299
-690
7352
-171
32767
0
8626
-386
-7034
693
4359
278
288
-613
-963
1090
2219
344
-1130
-1243
582
-170
1133
-751
325
-418
-852
-1443
-1653
-4203
3199
-722
2013
2551
-2089
3366
447
3495
1084
-119
-1689
125
-2022
1452
2302
-338
2096
61
-2264
-19
1336
2427
1030
4490
-3006
1810
1410
431
3173
-2098
5047
2378
8944
7595
6097
-789
2732
2232
-2541
7578
-4180
-4728
1830
-3522
1007
5399
-157
914
-1469
-2361
-7847
-1537
-1627
-344
3437
-782
-4440
1408
1184
5808
9914
-950
-268
-4338
-7493
-936
-2828
-3119
260
626
3547
-316
4539
-5587
1440
948
2857
606
1894
-1435
-1199
1612
-639
-3745
-5149
-1493
-4884
3782
535
-628
8
50
6769
2754
6157
833
-7367
-4495
-1571
-6233
6068
1831
-890
3249
-2291
-480
-5006
1217
-6679
799
2610
1033
4951
-1441
-1725
-3492
-521
3501
7137
620
6098
-6305
532
-1540
1136
-1464
3607
-3657
9178
1152
9587
2394
3095
-2035
5478
-5303
1892
-3246
-4116
744
1825
2865
-4243
1779
-6498
-4025
5643
-5113
1360
113
-3119
-397
2927
-3263
4680
-46
3012
3263
-3053
466
1173
-179
5757
5042
-6321
4124
-4442
-1706
1877
-2884
-4076
-800
1715
3172
5535
5316
3049
2124
9479
-2347
9281
-1239
3673
3619
1176
1540
486
1446
5987
6306
7226
-445
-395
-3595
-1811
3422
4862
1534
2775
-1041
-6587
-781
-5105
-1243
-2280
488
-997
-3171
6023
-1969
-1322
6153
-7487
4599
5940
-765
6922
-2757
35
-121
563
697
-4777
-3764
-5240
1346
-664
3831
-1203
-1587
1820
1376
2896
-509
1418
-1063
4494
5560
3613
448
299
-718
-2738
3129
-7475
937
-514
4279
9889
1114
1425
-5795
-4522
-1511
3357
796
-1426
331
-7881
1516
-1576
2362
-134
-796
943
-5427
1900
3320
-4104
4917
-2648
-7470
2670
-2431
6022
915
8952
-7538
5135
-2544
3165
2118
1500
-399
-2994
-1769
934
-4467
1420
-2501
-2275
14
2009
-71
2375
354
-1977
-1432
-1733
-173
1048
172
504
-3454
-2094
-3389
1913
-2569
3269
629
-1603
4202
-897
1504
323
402
1109
766
634
160
-1158
1238
2188
-299
-870
-1115
145
600
4462
-249
-6920
-709
8014
376
32756
17
9245
-396
-7136
676
4247
306
435
-624
-1055
1064
2246
389
-1100
-1247
530
-181
1158
-736
326
-435
-806
-1382
-1701
-4201
3126
-817
2112
2531
-2080
3344
388
3534
1119
-64
-1643
76
-2067
1472
2225
-321
2182
50
-2249
-22
1249
2353
1126
4510
-3013
1854
1316
462
3181
-2075
4960
2210
8933
7647
6174
-655
2794
2030
-2430
7680
-4255
-4529
1754
-3726
1072
5364
-180
1035
-1363
-2359
-7806
-1558
-1834
-359
3512
-767
-4350
1305
938
5817
9932
-780
-14
-4395
-7507
-938
-2923
-3106
219
530
3478
-183
4584
-5608
1466
827
2816
705
1969
-1493
-1192
1634
-617
-3653
-5053
-1642
-4992
3795
503
-554
-16
-22
6609
2748
6373
902
-7235
-4386
-1827
-6311
6107
1687
-775
3328
-2303
-469
-4903
1189
-6769
819
2438
1024
5038
-1347
-1634
-3559
-648
3400
7042
798
6209
-6298
581
-1639
1095
-1387
3541
-3693
9070
1060
9695
2441
3147
-1942
5415
-5288
2072
-3322
-4151
685
1765
2844
-4036
1851
-6673
-3921
5517
-5184
1554
43
-3182
-326
2838
-3261
4680
-141
3096
3260
-2981
539
980
-245
5867
4965
-6131
4225
-4647
-1628
1925
-2903
-4028
-858
1530
3094
5592
5326
3006
2217
9364
-2296
9386
-1328
3743
3575
1218
1619
442
1350
5870
6302
7315
-261
-261
-3689
-1897
3344
4766
1630
2943
-1048
-6485
-763
-5209
-1269
-2269
493
-1106
-3087
5970
-2109
-1060
6064
-7604
4708
5706
-692
7079
-2759
68
-198
589
766
-4661
-3741
-5334
1190
-692
3918
-1206
-1556
1741
1310
2937
-406
1396
-1179
4444
5526
3683
590
342
-812
-2644
3137
-7451
941
-773
4214
9853
1287
1683
-5775
-4601
-1622
3265
809
-1212
319
-7912
1494
-1693
2362
-109
-673
876
-5450
1971
3102
-4020
5110
-2761
-7346
2603
-2644
5943
1043
8957
-7470
5228
-2722
3157
2135
1594
-365
-2978
-1726
829
-4442
1507
-2578
-2282
7
1916
-82
2451
369
-1926
-1409
-1780
-225
1008
226
563
-3410
-2097
-3413
1807
-2588
3339
530
-1547
4197
-946
1569
321
386
1082
781
687
150
-1184
1231
2152
-251
-770
-1140
-2
585
4562
-219
-6787
-725
7375
365
32767
0
8810
-295
-6627
-190
3659
-121
-1010
1095
-751
898
1911
-7
-2102
1386
1867
786
2218
-799
181
-170
464
-830
-1119
-1605
1281
-853
3308
948
4804
1591
2892
-3616
-2323
-4429
1793
2662
2333
2223
-359
1367
3936
4234
169
-2532
-399
-3002
5425
4281
294
-2016
-1825
-3550
381
3027
-1104
-3140
-766
-1948
-2333
8904
-2568
4458
-1417
-1556
-1145
480
198
503
-4617
2790
-5101
3024
1349
-1391
1503
682
2767
4050
2847
2245
2483
1564
4684
1946
-5809
-900
-9997
-4911
2757
-3761
5917
-1110
667
-2735
-1487
1445
2065
7871
2430
2693
-4517
-210
2482
4599
7414
2076
-1311
-1650
1700
602
-1304
1931
-8349
1114
821
-1479
1488
-862
442
2434
2960
-3923
-2556
-9865
3870
-2374
9016
1780
5286
-3432
7851
-4954
1345
-3369
-428
-2549
5753
-32
-3902
407
-7416
-1700
-1958
3032
-452
7682
6810
-1970
6484
-8166
-1240
-415
-1157
-1808
1926
-6095
4184
2533
1761
3351
3
-4070
1463
-3466
-377
-2111
1364
-1282
933
-3157
-840
-8687
5330
-859
3097
7972
-2157
2030
-936
-13
-2166
-1905
2959
-7971
5413
612
-780
8699
862
3265
1417
1261
-395
2108
1455
3416
27
4139
1689
-3223
4191
-2690
1981
6035
-1104
1948
-1318
299
6348
8105
6932
2204
-378
-7636
-1915
-3178
-7323
1697
-4116
-369
5725
-13
-297
2521
1176
3352
7852
4929
5289
3520
8962
-1735
4073
2202
-2591
9836
2902
4106
519
-2426
1399
792
978
1520
-8299
-1081
-1503
-1931
1795
-651
-1390
1650
7307
-1971
2705
-4644
-4556
150
2322
-2554
2152
-7884
-1474
-1598
587
2746
5845
1112
2958
3694
-9856
4948
-6047
980
4625
-1930
2539
-1577
2806
-2205
2811
-4054
1486
-772
1415
1431
-4998
-2957
-4720
-2849
174
-506
-1115
-507
-1419
1559
-2538
-4281
-2372
-8986
-765
1752
-1118
3277
375
-3035
-1777
3424
169
2178
5435
-4301
-286
2862
55
2674
3969
-4203
-318
-1429
2250
-2154
1896
-2750
-2339
4332
2785
3720
4829
-1547
3326
-988
1342
831
-1119
1602
441
855
188
162
2159
803
1952
-747
-2107
-1407
1849
0
-638
-872
-1137
-1114
3734
108
-6518
192
8204
293
32756
10
9422
-297
-6724
-188
3576
-133
-878
1074
-863
923
1969
-15
-2093
1363
1779
824
2277
-795
176
-179
486
-804
-1117
-1607
1218
-874
3290
907
4777
1633
2998
-3509
-2302
-4524
1688
2569
2415
2294
-397
1305
3898
4259
286
-2385
-511
-3139
5409
4254
423
-1849
-1873
-3674
385
3011
-1089
-2997
-768
-2142
-2293
8813
-2598
4638
-1416
-1549
-1175
450
219
501
-4509
2729
-5202
3091
1278
-1347
1521
589
2720
4044
2890
2287
2426
1551
4739
1962
-5562
-818
-10134
-4871
2545
-3829
5987
-1111
750
-2721
-1497
1290
1975
7852
2537
2838
-4471
-268
2252
4550
7516
2184
-1223
-1648
1599
551
-1102
1930
-8392
1148
656
-1435
1579
-933
365
2439
3015
-3735
-2514
-9888
3661
-2551
9067
1822
5288
-3340
7846
-4979
1522
-3386
-558
-2577
5774
-81
-3680
444
-7507
-1701
-2004
2883
-524
7722
6680
-1729
6620
-8222
-1156
-539
-1210
-1665
1870
-6152
4176
2368
1837
3479
-19
-3995
1469
-3517
-356
-2114
1309
-1304
1005
-3049
-898
-8670
5240
-1114
3238
7966
-2145
2162
-938
-41
-2171
-1778
2816
-7963
5494
356
-713
8704
788
3378
1470
1241
-413
2105
1445
3364
54
4206
1614
-3087
4195
-2849
2038
5965
-1049
2094
-1395
183
6205
8035
7056
2445
-297
-7583
-1873
-3331
-7224
1690
-4336
-328
5688
-61
-156
2491
1001
3336
7848
4901
5295
3611
8902
-1685
4285
2025
-2622
9800
2836
4298
602
-2412
1306
717
1137
1563
-8238
-1046
-1715
-1931
1891
-702
-1467
1647
7188
-1859
2939
-4688
-4590
83
2204
-2408
2243
-7892
-1458
-1761
504
2755
5766
1115
3167
3623
-9699
4985
-6297
1066
4555
-1911
2602
-1591
2761
-2164
2857
-4056
1470
-869
1481
1470
-4886
-2883
-4828
-2911
146
-511
-1081
-534
-1422
1559
-2506
-4093
-2413
-9065
-765
1540
-1132
3419
367
-3038
-1723
3287
38
2347
5441
-4315
-162
2710
-64
2821
3999
-4166
-270
-1498
2161
-2080
2002
-2839
-2350
4226
2670
3828
4855
-1498
3345
-1031
1406
808
-1117
1598
416
882
195
154
2095
805
2039
-706
-2107
-1429
1780
-11
-518
-845
-1268
-1135
3805
95
-6393
194
7573
290
32767
0
8481
-403
-6499
13
4606
-31
-1371
-447
-1947
860
1724
1562
-2465
-285
814
844
861
3088
235
493
3338
-879
363
-675
-1206
-2369
-3237
-530
-3716
1746
1471
-19
1901
-3650
2227
-4667
417
1685
-3483
1504
1989
-5582
1655
-480
-4945
254
-1801
-6694
2640
41
1860
3550
-4383
79
-6362
1957
2373
-889
2360
-823
-2885
1152
244
-4962
-529
-4008
-3476
227
405
1918
4675
5082
2866
389
1053
-1544
7476
737
7658
-4126
-1517
-1026
-3193
1785
-3794
-6970
-4612
-6600
-1877
-947
-1929
-335
5229
1373
8826
-186
-480
-3708
3445
-1753
8469
1740
-1677
875
-1604
-747
4320
417
596
-1734
312
-4758
3955
-4287
264
-1561
-3187
6879
452
7347
-3297
-3177
-10392
-3032
-4871
501
-2579
-1358
-3889
-1217
761
-763
-5158
2388
-8365
-1818
-330
-9236
-2302
126
-501
2814
4699
-4226
-3769
-2480
-4198
-5631
2753
12
2353
12027
2623
1923
-1592
-4909
-4665
-946
47
-3182
-3745
-1600
-5540
-1005
3000
-1680
1583
1464
-3448
3244
847
6471
3355
768
1500
-3667
871
5195
936
109
872
-5291
1471
3574
3339
-584
948
-6483
-3444
-3295
1453
-1506
3109
1640
-5433
1042
-3874
1541
86
3215
-4613
933
-1715
4860
2615
-1653
2337
-12050
2804
-283
-4064
5693
-3926
2464
4652
4263
-355
-2688
-2381
-336
-251
9215
-8259
2006
-5334
-2426
782
732
-3828
1209
-2632
1379
-4735
-494
-10403
2932
-3466
3309
497
-7196
-3164
-7022
151
1456
3965
4268
384
4774
514
1808
4329
-425
-1467
741
-1835
-829
8378
-1768
3639
1679
-585
3728
8719
261
5410
-1396
-1894
322
-1859
903
-4572
6483
-3840
7096
-3170
-1692
-1636
890
7525
4185
7597
-699
1103
1486
2793
-271
4701
-5080
508
-1980
-3467
-256
-607
3909
305
5049
-2893
-1094
2241
748
2506
962
-6267
-1969
-4510
-76
1793
-3489
2673
-215
-1690
6707
-4985
-120
1529
340
2099
5613
-3466
-1372
321
-1799
2248
4609
1880
3716
1537
74
-3647
-1748
-3297
467
-1213
2380
297
697
3339
868
294
-433
803
-3083
890
-902
-2484
308
1675
-1543
-1824
-894
-1532
442
4678
42
-6370
-21
7870
401
32756
12
9098
-404
-6618
5
4525
-21
-1206
-452
-2068
826
1769
1580
-2441
-260
735
786
918
3091
178
555
3334
-889
431
-653
-1199
-2357
-3177
-594
-3783
1743
1401
36
1922
-3583
2206
-4723
513
1568
-3497
1634
1875
-5544
1781
-624
-4900
386
-1913
-6674
2605
-137
1925
3608
-4252
86
-6454
1942
2233
-813
2478
-898
-2872
1207
181
-4869
-451
-4109
-3483
197
299
1856
4646
5080
2940
511
1007
-1602
7349
772
7791
-4061
-1391
-1166
-3216
1874
-3748
-6836
-4652
-6718
-1897
-995
-1961
-348
5042
1348
8929
-110
-365
-3685
3246
-1829
8555
1709
-1510
922
-1742
-751
4305
408
681
-1658
240
-4740
3941
-4307
380
-1667
-3207
6728
404
7496
-3126
-3037
-10375
-3134
-5012
506
-2526
-1335
-3947
-1225
734
-793
-4976
2345
-8469
-1628
-416
-9249
-2220
-93
-649
2940
4740
-4183
-3604
-2501
-4333
-5564
2696
-263
2372
11992
2629
2204
-1465
-4955
-4714
-964
3
-3145
-3611
-1662
-5646
-967
2884
-1719
1716
1420
-3447
3194
742
6455
3370
957
1530
-3756
871
5089
936
335
872
-5384
1442
3472
3321
-394
1051
-6492
-3436
-3349
1317
-1548
3216
1596
-5317
1082
-4007
1480
122
3247
-4556
924
-1842
4804
2604
-1374
2321
-12064
2853
-569
-3921
5753
-4085
2449
4596
4296
-200
-2552
-2460
-552
-174
9185
-8143
2204
-5517
-2463
799
697
-3762
1202
-2689
1400
-4594
-484
-10408
2827
-3645
3442
540
-7033
-3136
-7170
32
1342
3973
4247
461
4789
430
1887
4334
-431
-1321
734
-1996
-780
8275
-1796
3844
1599
-690
3746
8599
342
5601
-1419
-1853
307
-1842
859
-4527
6357
-3889
7225
-3147
-1588
-1759
745
7379
4245
7723
-655
1159
1422
2715
-148
4726
-5074
618
-2048
-3453
-285
-690
3803
367
5138
-2898
-1028
2113
667
2643
1038
-6161
-1979
-4643
-76
1720
-3422
2706
-398
-1572
6713
-5022
25
1393
195
2213
5641
-3443
-1229
217
-1917
2269
4543
1858
3785
1604
133
-3572
-1747
-3359
400
-1221
2390
228
722
3337
855
358
-370
743
-3075
969
-964
-2500
330
1619
-1521
-1694
-929
-1698
435
4744
53
-6222
-30
7234
399
32767
0
8749
-277
-6207
-402
4524
-796
-910
200
-705
1418
2270
797
-1955
-1069
1823
-1390
175
-288
-359
-2352
2831
-2538
-1713
365
2262
-1822
2625
-1077
-5112
690
-747
-5672
87
-2681
-585
5080
2895
765
-2563
307
-1485
1843
-96
-3515
-4335
-1711
3213
1682
2073
91
-3911
2455
2333
4504
-255
631
1146
-5000
7497
-3262
-3709
3107
-6406
1492
900
84
-1225
2386
-2111
1279
-4666
2457
-4908
-1382
-1812
-4943
-7071
5979
-1383
6941
6613
-1479
-4135
1820
-6010
1929
951
299
-1853
952
-2849
-6160
-2253
-7068
-1506
-4682
1975
-3547
1734
6716
2809
5526
4162
-2377
1825
5050
1516
4294
-885
-5211
-3365
-3434
-1524
-1860
-2191
-2866
-2982
-493
-3729
9
-6447
-3316
-3946
-5411
-125
1143
126
5485
208
-1362
-1164
-4576
-3504
-1935
-4820
2397
-2097
6629
2827
1867
-960
-398
-4701
3973
2796
-361
5632
-4299
1392
-2566
261
-1608
-3001
2845
-2108
1759
7307
-2663
8157
4091
4152
5113
7407
-3379
4712
1625
-3267
10050
-1389
1678
2355
-7259
2926
-2202
4957
381
-214
-3887
-6552
-65
-379
3915
4955
-323
2957
2069
2372
7278
-1290
-1435
-3336
-10055
4559
-1839
7462
3451
4154
-4980
8066
-4239
7444
2641
-1980
-1648
-3069
-2917
238
1561
1341
2546
5576
4290
2946
492
-4649
-3992
-1093
332
2855
-1742
-1998
-6630
-4820
-2502
-3541
1878
-1206
4554
203
1498
124
-5439
-96
-1303
-3857
5374
-6463
3392
-3776
20
-2977
450
-2225
2848
-1499
1887
-3357
3354
-959
5286
1511
-4117
1795
-5199
4139
2369
2860
-5340
1717
-6872
2010
3430
-1451
4693
-2263
6998
-2823
6279
-1926
-886
984
-331
-5876
-1862
-4342
-1906
6560
1524
-1146
-6781
-7133
-6173
-1845
4855
-4831
1522
-4736
-2471
-2114
-1270
-1281
-2391
942
-123
-6273
-1417
-3936
-3162
7444
3145
1312
5058
-356
-521
2409
-4486
-3872
-2526
1906
-84
3354
-1675
-4304
1611
-183
3578
-1385
-1782
-2655
-378
2871
-666
-511
-5101
22
2501
-635
5760
-5148
-628
2484
1004
2389
1873
-1755
-376
2796
2485
-276
2401
88
292
1886
1369
-1958
1099
2205
-769
-582
-1425
-1052
-229
4594
794
-6084
410
8144
277
32756
8
9359
-277
-6319
-394
4444
-798
-764
171
-828
1410
2332
825
-1948
-1039
1756
-1411
262
-285
-441
-2301
2862
-2589
-1667
352
2132
-1769
2765
-1151
-5069
748
-862
-5580
152
-2860
-658
5053
2914
868
-2465
237
-1587
1901
-11
-3448
-4359
-1812
3065
1686
2241
101
-3943
2383
2251
4519
-150
741
979
-4938
7544
-3380
-3473
3048
-6537
1569
852
46
-1166
2378
-2109
1290
-4594
2441
-4984
-1240
-1782
-5027
-7003
5775
-1624
7101
6659
-1427
-3919
1730
-6145
1997
912
268
-1777
1016
-2875
-6034
-2243
-7139
-1561
-4672
1937
-3662
1752
6550
2757
5715
4184
-2378
1857
4892
1519
4473
-809
-5128
-3371
-3518
-1550
-1834
-2157
-2882
-2987
-538
-3682
39
-6428
-3237
-4036
-5445
-157
979
128
5528
212
-1220
-1121
-4597
-3466
-1993
-4819
2290
-2198
6624
2794
1996
-823
-463
-4748
3950
2639
-226
5687
-4306
1446
-2587
284
-1654
-2929
2768
-2237
1870
7163
-2681
8248
3937
4154
5245
7349
-3298
4866
1406
-3192
10037
-1491
1929
2335
-7234
2894
-2341
4955
439
-43
-3855
-6547
-201
-552
3939
4950
-258
2992
1933
2389
7292
-1187
-1182
-3403
-10053
4399
-2062
7516
3520
4159
-4837
7970
-4390
7581
2612
-1842
-1532
-3139
-2990
212
1511
1290
2526
5515
4278
3100
627
-4591
-4007
-1232
260
2880
-1614
-1892
-6626
-4818
-2611
-3579
1818
-1250
4529
198
1639
122
-5386
-67
-1469
-3763
5332
-6477
3472
-3826
53
-2971
406
-2259
2827
-1475
1916
-3347
3270
-1038
5360
1505
-3926
1764
-5352
4113
2353
2913
-5139
1700
-7033
2045
3302
-1391
4706
-2274
6923
-2796
6402
-2002
-811
1015
-367
-5730
-1790
-4557
-1996
6495
1566
-893
-6607
-7193
-6376
-1885
4753
-4747
1671
-4810
-2484
-2119
-1262
-1340
-2395
982
-166
-6128
-1338
-4173
-3216
7378
3018
1491
5117
-462
-404
2484
-4465
-3825
-2601
1727
-79
3498
-1666
-4266
1504
-279
3642
-1278
-1713
-2750
-454
2842
-563
-430
-5117
-46
2309
-520
5847
-5180
-559
2330
925
2521
1925
-1794
-385
2755
2428
-185
2452
-1
298
1950
1346
-1957
1130
2132
-739
-452
-1431
-1197
-260
4659
791
-5943
419
7514
277
32767
0
8606
-126
-6628
448
3785
-216
-2000
-140
-1883
174
1951
133
-1402
376
1784
-1104
-322
-800
-1377
223
367
-3048
-3527
-3121
2371
839
4548
-80
-1151
-3365
1079
-2692
-2800
806
-4553
6
1493
-3053
-1748
1829
-3474
5855
-1989
1192
1051
-1811
6734
-2803
-1714
-2983
-6571
-915
1654
-1711
-212
-1858
-3438
-2998
-5136
-4065
-7276
4119
198
3264
-66
-6392
-4518
-1606
1077
-1773
814
-6459
-1105
5872
1309
6560
925
-4226
1432
609
244
1644
397
-2539
1377
579
-1207
-1947
4640
-1897
8575
4110
3171
1728
1334
-324
-4190
2232
-4605
2827
3673
1148
-1442
-3625
-4848
-4109
1712
-14
972
751
-3010
1248
-6717
-1270
-2985
-5232
4164
-2361
490
798
3470
4192
3758
7366
-10479
3394
-5456
3568
4766
7221
-516
4213
825
2218
-1492
-1935
-7342
-7005
-2511
-2306
-4581
-101
-5526
-1531
3538
1467
5158
517
2113
1463
-2734
3968
-6262
-2529
924
-1581
5228
5533
362
-1121
-196
-5077
4448
3159
3357
2846
-2630
-2611
-430
2884
3331
7348
-1037
1081
460
164
7801
5255
10298
82
7899
-5275
583
-255
-1108
-962
3308
-7308
-317
-3041
-2688
2619
3255
-2726
4507
-3282
-130
4992
279
1305
5191
-5548
1089
1432
-6225
2643
-2849
-3922
2056
-1542
5110
-476
3668
-1503
-5410
1505
-4688
138
-2440
2193
-7328
7004
-1642
2063
889
-2194
-592
-4145
4765
-7222
-5178
-3651
-10638
-3316
3562
-7352
3604
-4281
425
-835
4184
2280
-2821
5242
-6750
1363
-3080
-1250
900
-751
1787
-33
-4766
4046
-1610
3701
3728
-1083
-4469
-2819
-4312
-2267
1295
295
3096
-1640
8522
-4155
4799
1795
-1201
2028
1340
-611
440
2528
209
-1546
1439
-745
917
4284
1328
-6356
-1075
-6098
740
6374
1167
1915
-4487
1473
-189
6446
325
-3082
-7217
-4262
-5212
3992
-3443
3056
-318
1846
1745
1737
-6474
898
-1939
2952
6729
2827
1173
1827
-1978
-1095
-3442
-5831
-1845
-1963
1530
3046
-4458
63
-2927
-850
1106
2637
-1175
3398
4448
143
2528
-881
-3534
3058
318
3109
-1317
-199
-410
764
1831
1130
-1403
-365
1908
-141
-1754
-171
-2148
128
3849
229
-6511
-447
7997
115
32756
11
9220
-137
-6735
449
3712
-203
-1849
-152
-2011
178
1990
126
-1397
386
1733
-1077
-234
-835
-1436
246
414
-2986
-3514
-3184
2212
795
4645
-17
-1121
-3331
1048
-2746
-2671
760
-4646
76
1450
-3056
-1649
1692
-3506
5876
-2000
1291
928
-1793
6733
-2779
-1485
-3012
-6663
-935
1557
-1684
-104
-1871
-3432
-2939
-5060
-4135
-7332
3971
65
3445
56
-6330
-4546
-1745
982
-1629
889
-6538
-1134
5634
1287
6765
933
-4158
1424
468
280
1743
355
-2545
1414
543
-1210
-1862
4476
-2000
8626
4059
3250
1819
1371
-351
-4064
2195
-4741
2834
3610
1212
-1267
-3545
-4927
-4172
1632
-66
1045
752
-2938
1244
-6680
-1177
-3150
-5218
4138
-2444
560
759
3332
4101
3951
7377
-10307
3476
-5738
3486
4760
7216
-434
4284
758
2242
-1341
-1804
-7350
-7000
-2589
-2423
-4472
-65
-5641
-1554
3401
1428
5206
559
2171
1382
-2616
4011
-6296
-2408
753
-1731
5261
5511
450
-929
-262
-5159
4383
3029
3459
2967
-2566
-2597
-545
2721
3351
7384
-960
1206
335
72
7697
5230
10296
253
7998
-5291
713
-353
-1179
-842
3280
-7262
-200
-3204
-2745
2622
3148
-2600
4567
-3405
-59
4899
194
1495
5150
-5558
1260
1274
-6181
2758
-2969
-3870
1996
-1625
5059
-435
3799
-1539
-5284
1476
-4799
177
-2369
2076
-7309
7000
-1800
2197
953
-2169
-667
-4075
4756
-7220
-4886
-3739
-10795
-3237
3349
-7334
3744
-4375
361
-875
4199
2195
-2648
5250
-6781
1461
-3155
-1251
824
-751
1862
-82
-4675
3978
-1787
3780
3779
-1014
-4320
-2811
-4438
-2302
1251
263
3020
-1548
8460
-4198
4967
1683
-1189
2114
1298
-642
485
2513
173
-1438
1446
-887
910
4338
1347
-6134
-1041
-6333
661
6274
1259
2070
-4448
1334
-321
6496
456
-2884
-7148
-4408
-5293
3910
-3448
3118
-430
1834
1835
1764
-6365
881
-2175
2919
6717
2853
1305
1844
-1966
-993
-3407
-5801
-1946
-2105
1566
3035
-4353
138
-3059
-894
1132
2578
-1197
3430
4339
211
2691
-922
-3536
2989
262
3171
-1251
-170
-502
726
1878
1157
-1400
-352
1859
-149
-1617
-167
-2299
115
3907
241
-6375
-445
7362
102
32767
0
8862
-341
-6591
-120
3296
-205
-890
-948
-72
-730
2357
844
-884
176
1671
-682
607
789
2117
-11
2413
-340
-4237
-155
-2482
-2736
-59
-959
-1745
721
-1987
-2302
-4117
-598
-4793
1442
-1954
-1727
3701
-2300
3627
1961
-1624
4851
539
4039
-1902
3453
-6826
-302
-550
-4411
3120
-908
1809
-1728
-405
-4345
-477
797
2432
503
-2579
-1992
-1587
-2891
3096
-4960
-3953
1871
-1078
3921
3383
-2620
-538
312
1668
1950
-4787
-2543
-6842
-3509
2784
-1364
-2710
3678
-3763
5033
1878
-899
-5012
-8401
-5929
-6504
-3287
2832
-3292
-1096
510
-3351
1022
5227
3809
-1976
3781
-6457
-2687
332
3587
-5546
8024
-6945
-3936
946
-7468
5237
-75
6923
483
855
-621
-1414
176
3804
-1959
4867
2761
3600
8588
-1371
1602
-934
-3024
4866
-2545
3174
-3294
3895
1533
4017
1498
1447
1011
3632
5873
3010
-1323
6218
-222
4042
12745
-6133
3797
3037
-6233
8581
-1128
-2464
-3057
-2729
-3674
-562
2160
-1557
1978
-3025
-365
-6535
-1360
-4080
-495
-2465
1115
1610
-860
5788
-985
-755
935
-47
-945
859
-903
-5744
1111
-1742
-456
2450
-1368
4016
-392
6549
1929
3093
2226
1561
-3587
578
-3145
2648
-1062
2607
-6220
-8452
3491
-3306
12822
6172
11
-3849
-1486
-6300
5867
-3006
1099
-3655
1431
-1456
1617
-3958
-3256
-3945
-2565
-3130
-3020
-4903
1437
825
8570
1456
2923
-3545
-1967
-4858
155
-3872
-601
1346
437
-723
18
-6886
-7371
-5299
-4153
-1059
7917
6831
3785
5696
-2719
-356
3674
6354
3886
2197
1024
-5276
560
3222
-3248
1254
-3293
-2911
-5854
6343
-5140
8486
1852
1045
-3630
-4983
-2871
-3763
2845
1294
-6690
3495
-4966
2602
1673
-1891
-549
-413
3335
2670
-919
-3821
-4051
-2022
3048
4926
-1453
2943
-2680
1998
2418
-434
-418
-875
-450
4304
1780
1815
3114
841
-412
4408
-6803
411
-2035
-3433
590
-4021
-1656
-4859
3532
-2046
3787
2254
-1868
1786
-4772
-1420
-4158
527
-2005
2333
-1759
-688
-79
889
-2391
2760
-4305
187
2316
321
2189
41
574
-804
1704
667
-882
-143
2301
-861
37
706
-1000
960
3368
214
-6487
116
8258
341
32756
10
9472
-341
-6684
-124
3216
-196
-777
-936
-182
-754
2410
826
-882
209
1634
-697
642
774
2044
17
2507
-359
-4165
-123
-2574
-2709
-41
-1030
-1731
753
-1970
-2269
-4075
-671
-4813
1463
-2039
-1666
3613
-2345
3721
1874
-1588
4841
485
4058
-1768
3473
-6843
-191
-692
-4411
3124
-978
1837
-1640
-358
-4384
-536
714
2443
572
-2473
-1986
-1721
-2840
3138
-4991
-3848
1714
-1241
4020
3428
-2565
-523
207
1658
2009
-4601
-2480
-6991
-3524
2714
-1434
-2542
3589
-3896
5082
1898
-751
-4877
-8310
-6004
-6665
-3283
2744
-3335
-932
457
-3477
1021
5169
3729
-1746
3889
-6556
-2648
300
3383
-5389
8127
-7059
-3710
827
-7564
5174
-175
6958
529
992
-640
-1480
195
3733
-1947
4876
2597
3655
8601
-1281
1773
-1043
-3026
4824
-2525
3222
-3329
3842
1445
4077
1566
1441
924
3605
5872
3017
-1151
6131
-456
4236
12655
-6083
4113
2758
-6239
8706
-1201
-2311
-2965
-2813
-3762
-546
2089
-1552
2029
-2956
-337
-6518
-1352
-4147
-535
-2479
1117
1474
-815
5828
-1027
-644
934
-145
-902
963
-946
-5693
1106
-1879
-414
2434
-1376
3951
-419
6561
1877
3165
2291
1565
-3492
597
-3236
2563
-997
2750
-6201
-8311
3173
-3584
12891
6204
260
-3644
-1653
-6384
5855
-3004
1194
-3678
1361
-1467
1702
-3894
-3213
-3998
-2588
-3086
-3013
-4937
1266
709
8545
1544
3093
-3485
-1973
-4848
131
-3940
-579
1271
390
-586
114
-6843
-7263
-5363
-4378
-1176
7797
6706
3993
5852
-2747
-375
3556
6240
3967
2430
1028
-5319
610
3080
-3198
1420
-3301
-2989
-5775
6170
-5272
8572
1819
1199
-3485
-4926
-3039
-3852
2902
1218
-6523
3478
-5155
2664
1674
-1824
-557
-520
3280
2717
-749
-3710
-4150
-2181
2992
4885
-1309
2999
-2784
2002
2399
-361
-354
-956
-498
4255
1750
1908
3106
772
-268
4400
-6774
527
-2178
-3409
641
-4002
-1685
-4867
3429
-2135
3875
2204
-1776
1847
-4749
-1393
-4201
450
-2024
2363
-1771
-650
-102
815
-2296
2784
-4373
224
2210
300
2265
71
541
-818
1737
650
-877
-108
2239
-877
152
680
-1112
973
3435
224
-6367
111
7629
341
32767
0
8845
-199
-7067
528
3976
467
-870
773
-1815
800
3664
-174
-169
615
430
456
161
-1605
-2015
-173
-760
1491
-1155
-583
708
-611
-643
2347
-3803
3711
-336
2617
-823
254
-3743
-680
-2404
372
-795
810
-419
610
-3066
-7
-1710
-524
1113
543
-1335
107
2512
-1808
3162
182
-1680
3131
6705
1557
10780
-808
3355
-43
766
882
962
-392
3827
-784
407
-866
-4201
-2879
6243
1293
3619
8921
-7788
4495
1243
-816
4145
4602
-2534
3807
-2120
110
-2829
2551
1841
-4632
3581
-7556
-2261
8093
953
10434
786
422
-923
2635
2674
-670
-5287
-8384
-9370
-1005
-3761
2896
-3949
104
-99
3482
2300
-921
-1892
-7539
1276
-1392
6074
2437
4625
1231
-2573
3084
-6193
2407
-266
1238
-1223
-292
-3619
-2922
2640
3082
926
8146
-4684
2592
-4118
382
-74
1551
4178
676
2431
2691
5770
749
7606
-2781
-5417
1949
-3442
3628
5760
776
-2373
2545
-1959
854
1032
-5128
-4585
-7795
-1018
-6296
-2279
1214
-6087
4299
556
-3340
-672
-3415
-4890
4376
-1392
4371
936
38
-1314
-4302
-4882
-4467
-787
3290
654
3466
-6034
-4226
-2403
-1363
-930
6212
-4618
7809
957
5215
-1831
-756
-2521
-2580
5743
-766
-3209
-3579
-5608
-2053
7464
2765
5901
-655
2402
-2721
4197
-685
24
-1541
-4071
-409
-4726
-2481
804
-8120
2723
-3245
-3554
2906
-1323
354
-177
-1233
-6144
-2370
-2717
-3110
4539
-1240
6106
-2421
1391
1246
-1923
7533
2245
1095
13
-3519
-3951
-119
-3708
-2845
-9297
825
-5481
8384
2653
854
-861
-2703
705
-346
1038
-10261
-2296
-8353
3490
7392
1964
4826
-2820
-2541
-2111
-128
-2582
-3704
4029
-4693
1457
789
-7803
-4332
3362
-8969
6415
-1449
-4126
2888
256
894
3864
773
989
418
760
-875
3245
13
10695
822
6906
-1501
-1659
-3145
3060
-251
2617
1816
-1345
-71
1096
-562
-1629
518
-3105
24
-444
-604
-771
-809
-2368
-391
-3751
672
-892
-216
-275
-2580
-3791
-3710
-726
-2396
743
571
-1150
622
-751
-1480
-2009
119
103
1620
476
-421
-228
-637
3659
179
-1687
-784
-1029
-784
4072
-463
-6961
-536
8234
190
32756
12
9460
-209
-7162
520
3871
470
-707
761
-1941
816
3665
-168
-107
592
384
490
217
-1589
-2020
-226
-769
1501
-1158
-544
670
-651
-560
2298
-3813
3710
-400
2653
-754
294
-3733
-688
-2440
353
-820
812
-395
615
-3025
9
-1791
-530
1128
524
-1321
144
2403
-1798
3263
113
-1695
3114
6498
1614
10861
-792
3469
-73
774
888
935
-365
3787
-794
561
-839
-4270
-2867
6060
1134
3877
8866
-7762
4663
1020
-838
4260
4506
-2481
3911
-2131
95
-2836
2556
1713
-4431
3671
-7716
-2220
7820
863
10607
868
506
-982
2563
2690
-483
-5086
-8377
-9442
-1191
-3818
2945
-3944
93
-216
3441
2354
-742
-1858
-7539
1159
-1545
6038
2450
4711
1223
-2424
3056
-6240
2444
-361
1244
-1121
-229
-3681
-2934
2552
2913
1049
8169
-4638
2709
-4164
356
-174
1560
4156
669
2463
2658
5636
846
7745
-2793
-5213
1840
-3679
3677
5770
788
-2216
2508
-2090
953
1105
-5038
-4546
-7779
-1111
-6381
-2152
1058
-6137
4370
452
-3207
-554
-3542
-4894
4280
-1473
4441
934
118
-1234
-4230
-4871
-4556
-907
3157
750
3593
-5973
-4146
-2532
-1516
-842
6121
-4647
7822
873
5303
-1697
-652
-2670
-2614
5716
-759
-2963
-3525
-5799
-2159
7308
2745
6037
-555
2374
-2751
4214
-696
127
-1530
-4021
-438
-4767
-2366
675
-8088
2804
-3416
-3482
2885
-1428
421
-87
-1228
-6087
-2332
-2868
-3135
4447
-1252
6138
-2403
1512
1093
-1951
7521
2184
1280
131
-3554
-3950
-138
-3656
-2789
-9215
637
-5684
8376
2626
1051
-793
-2771
619
-273
1126
-10072
-2328
-8622
3390
7209
2093
5030
-2807
-2525
-2103
-150
-2629
-3593
3901
-4785
1680
756
-7809
-4158
3085
-9014
6592
-1617
-4038
2895
93
926
3900
762
1019
444
753
-867
3131
-18
10601
835
7118
-1441
-1630
-3158
2948
-325
2727
1823
-1352
-31
1075
-581
-1542
510
-3144
42
-472
-599
-746
-807
-2331
-411
-3758
663
-966
-176
-213
-2540
-3774
-3709
-815
-2446
780
527
-1144
661
-744
-1466
-2001
63
41
1634
523
-384
-287
-660
3648
184
-1549
-767
-1194
-796
4164
-460
-6838
-543
7598
179
32767
0
8923
-406
-6657
-113
3697
-363
-1072
-348
-1416
1186
1291
770
-2390
-1797
1246
-1904
348
-658
433
-340
3163
-431
-2026
-1504
394
-3009
1549
-4712
-3551
-3033
637
4067
1162
4578
-717
-1515
696
907
-1758
4109
2421
-521
2795
-1506
-4942
415
-1323
-119
1873
-71
907
-1060
3251
48
722
4133
2528
3550
4228
817
-4775
-1740
-6214
-4418
-3480
-521
-7177
5318
-4348
4592
1288
1111
-1307
-1270
-2429
-1350
3002
-1136
1459
-2183
-2324
-1339
4483
-1548
1014
-1590
-9856
721
-1928
-2785
2828
-3350
-3548
3305
-516
-576
2764
-3483
3625
5274
1196
4402
-8909
-2287
-9559
-4387
-4912
-6448
-4136
636
-2095
6729
-3863
-136
-1966
-1306
-878
-253
-7939
-2446
-2052
5126
3245
5609
-3589
-4566
1584
-1830
7600
4364
4173
3094
1272
2330
-899
275
3164
-796
1602
781
-3793
-180
3343
-1770
-367
-3188
-4475
-2223
10945
213
8908
-876
-3803
1961
-168
4696
2367
-699
342
-1446
-2767
-1050
-2916
-4914
2344
-1752
-2191
-412
-5254
-253
1535
5458
5064
-1930
8980
-8861
4924
218
-2807
51
4738
-360
9025
8795
5118
2169
1642
-5484
-5180
165
-2337
450
2376
1665
-2833
4933
-2830
1112
303
1399
2342
791
-51
-4654
-3876
-2059
8640
886
11172
-221
-4315
2169
-570
3205
3451
1795
-3758
213
1461
-792
3245
775
-886
-224
1218
-2317
4107
-3063
7591
-4391
1770
1675
-3646
4668
3170
-5449
-1845
-5280
-7992
2402
-975
305
-1877
1247
-3897
259
-2085
-6691
-4107
-833
-4879
6427
-9462
4431
-9049
2352
1052
-4270
3647
-5397
2775
3388
-411
723
-3597
-3360
2743
3250
-1706
2877
-9893
-723
783
1552
4591
1572
-2281
1319
1346
2188
3073
1151
-2365
1336
-1387
1294
1314
-1055
-4220
-4534
-7220
-5367
-3508
395
-6138
4421
-4922
1802
4135
-778
2625
-3498
674
-4178
3256
-116
937
1079
1849
73
-1195
127
-4999
-422
2668
1467
2534
603
-1767
-4077
675
-1017
-691
1570
1097
-4481
732
-4177
-3562
2936
1456
4732
501
3039
-2089
1530
3120
440
514
338
283
644
1310
1881
-2391
1830
1235
-729
-1310
-1209
-1209
330
3777
373
-6552
109
8318
405
32756
12
9534
-407
-6752
-117
3610
-353
-931
-366
-1522
1162
1344
810
-2385
-1764
1178
-1926
414
-672
353
-342
3202
-422
-1958
-1478
286
-2979
1640
-4690
-3534
-3129
539
3953
1226
4674
-742
-1455
714
797
-1746
4138
2304
-435
2921
-1546
-4878
406
-1454
-110
1896
-69
878
-1039
3244
-19
772
4086
2429
3602
4317
856
-4622
-1677
-6291
-4413
-3455
-649
-7131
5265
-4478
4650
1256
1170
-1224
-1245
-2492
-1365
2925
-1121
1574
-2177
-2363
-1361
4367
-1523
1247
-1629
-9809
716
-2158
-2689
2910
-3448
-3493
3243
-625
-425
2751
-3575
3602
5143
1339
4536
-8760
-2218
-9655
-4342
-4947
-6466
-4165
434
-2107
6761
-3825
-7
-2057
-1366
-783
-202
-7878
-2486
-2265
4964
3315
5768
-3526
-4456
1393
-1988
7606
4334
4242
3128
1328
2343
-909
326
3078
-816
1744
768
-3822
-145
3226
-1745
-161
-3170
-4629
-2276
10704
204
9180
-864
-3719
1859
-291
4736
2391
-602
382
-1494
-2700
-988
-2999
-4892
2306
-1844
-2039
-374
-5326
-340
1422
5426
5009
-1683
8929
-8921
5115
66
-2800
158
4542
-502
9068
8719
5176
2417
1751
-5505
-5100
70
-2487
490
2404
1575
-2744
4948
-2896
1179
262
1350
2315
885
69
-4606
-3945
-2162
8356
895
11399
-226
-4139
2113
-781
3222
3558
1821
-3715
248
1312
-802
3328
751
-870
-173
1161
-2303
4038
-3030
7577
-4415
1965
1511
-3698
4769
3087
-5277
-1629
-5438
-8042
2351
-1082
362
-1784
1184
-3932
385
-2077
-6646
-4076
-1041
-4847
6401
-9359
4479
-9193
2418
897
-4128
3669
-5522
2786
3281
-300
878
-3644
-3414
2648
3140
-1472
2974
-9923
-722
534
1509
4702
1597
-2229
1298
1224
2193
3147
1169
-2293
1320
-1471
1318
1339
-995
-4083
-4472
-7262
-5417
-3541
260
-6054
4420
-5073
1868
4031
-738
2728
-3442
626
-4222
3258
-190
971
1100
1821
77
-1061
135
-5054
-428
2528
1424
2652
688
-1772
-4039
651
-1133
-662
1625
1028
-4374
831
-4290
-3569
2831
1355
4753
613
3070
-2152
1558
3070
451
601
336
215
631
1375
1856
-2388
1863
1172
-685
-1197
-1233
-1351
311
3851
384
-6430
105
7687
403
32767
0
8470
-176
-6303
265
4507
-556
-1549
-771
-831
-564
3055
-775
-1589
60
668
621
-1817
0
-475
-1867
4581
-2023
-2755
827
-1885
-115
1903
-1734
-3237
682
-2852
79
-2200
-148
1433
634
7004
-3225
3232
-1164
2488
4649
2839
4276
2152
4575
4283
2459
-3239
-269
-6441
5195
312
4761
2505
-1609
6742
-797
3771
3
-1283
-1538
6925
-3007
1622
-3952
-8332
-1995
-1695
-3827
-1675
-2774
-3259
3407
489
-3049
-2496
-7518
-2200
4
-1388
-769
-2948
610
1107
6377
868
-354
-2802
-1897
-1622
2941
762
-2524
-2503
-4400
-8671
588
-540
-31
8795
-4803
1885
-3428
-1215
7513
-3753
7053
-6293
-5640
4493
-3244
3050
678
-4089
-5432
1022
-564
-3698
3267
-3122
-4298
5290
-6476
-2496
-5680
-2950
-4294
1864
-914
-3460
-1883
22
-1826
-31
-2690
-6188
-7733
-519
-5524
1423
679
-654
4424
1634
7685
1136
4623
3217
-2515
3217
-4992
-2534
-1791
-2733
2285
-2693
-1785
-5244
-6134
-2539
868
163
3721
-2788
-2912
-2299
-2954
4520
634
2372
-2546
-2319
-5687
5025
-1095
3338
3734
-4680
56
3154
-3745
5153
969
-2277
5674
2234
2641
4601
-642
-2201
2875
-2850
3007
153
-3645
-2456
-1022
-5252
6101
-2741
1920
-2696
-2299
-2605
1698
3135
4979
3278
2615
1129
-4499
1656
-7705
-635
-4492
1368
-763
-389
5409
-6191
7784
-161
2768
134
1801
-3510
1915
1823
888
-2813
4231
-2663
5680
5292
6455
-2942
4419
-3836
-3193
1066
398
-4066
5479
2859
-606
4660
3085
-6192
5774
-3865
-6851
-1205
-7682
1738
3288
8790
4869
-281
104
-8684
-646
-2633
4331
773
2650
-1570
-2936
-2827
1797
796
504
1176
-6368
-2920
-741
-1428
836
-2147
-96
-2556
7438
496
3240
-3195
-3428
-1763
2659
-1573
3882
-8329
1978
1362
3933
7031
3041
-1221
1560
3612
19
6805
749
2547
1665
398
-4646
-6354
-5293
-3414
233
4249
-2373
2195
-4586
2802
-4256
2526
-4694
3151
1045
7011
3278
1567
-596
-2199
115
-2812
-44
-3301
-714
1856
1713
-1757
171
-2879
-861
4542
1985
-340
1901
-1895
24
703
-620
-1612
-79
2996
770
-688
569
-1695
763
4568
573
-6172
-261
7860
167
32756
11
9085
-185
-6424
267
4437
-539
-1397
-778
-974
-560
3110
-779
-1561
41
631
621
-1737
22
-609
-1832
4614
-2061
-2625
791
-2013
-60
1946
-1752
-3169
649
-2894
115
-2200
-180
1298
669
6992
-3170
3317
-1284
2450
4601
2875
4297
2111
4562
4313
2546
-3059
-301
-6525
5093
222
4875
2465
-1549
6675
-847
3931
26
-1339
-1515
6810
-2971
1886
-3969
-8326
-2014
-1824
-3770
-1586
-2888
-3321
3379
478
-2852
-2433
-7594
-2253
-95
-1349
-700
-2973
478
1033
6381
941
-198
-2774
-1997
-1674
2941
749
-2393
-2371
-4469
-8651
525
-805
41
8792
-4734
2039
-3568
-1224
7335
-3638
7254
-6390
-5496
4317
-3406
3244
746
-4107
-5379
971
-734
-3554
3338
-3302
-4170
5280
-6498
-2321
-5681
-3089
-4357
1901
-942
-3403
-1850
-94
-1852
99
-2612
-6178
-7677
-655
-5641
1478
592
-671
4354
1610
7661
1144
4749
3154
-2410
3300
-5003
-2458
-1886
-2770
2267
-2645
-1646
-5234
-6163
-2624
706
171
3795
-2724
-2811
-2397
-3034
4432
622
2514
-2447
-2356
-5697
4888
-1225
3525
3718
-4672
173
2961
-3753
5281
838
-2228
5657
2090
2740
4681
-648
-2096
2792
-2912
3102
140
-3562
-2370
-1181
-5257
6061
-2792
2061
-2658
-2311
-2676
1601
3046
4965
3340
2718
1124
-4368
1676
-7723
-612
-4564
1310
-848
-255
5288
-6188
7834
-300
2852
250
1775
-3558
1948
1774
864
-2667
4164
-2833
5679
5286
6431
-2750
4543
-3978
-3110
1107
224
-4036
5522
2655
-526
4829
2918
-6079
5907
-3985
-6633
-1196
-7856
1585
3135
8777
4936
-7
183
-8692
-705
-2773
4255
783
2781
-1514
-2926
-2851
1687
717
660
1248
-6352
-2888
-883
-1472
904
-2091
-190
-2618
7347
500
3442
-3125
-3445
-1857
2535
-1447
3940
-8318
1963
1083
3911
7137
3078
-1149
1583
3442
44
6869
699
2592
1721
486
-4522
-6258
-5394
-3597
191
4208
-2280
2242
-4597
2763
-4235
2566
-4738
3068
917
7014
3330
1710
-554
-2196
80
-2770
-7
-3366
-745
1802
1689
-1621
229
-3006
-894
4495
1943
-195
1936
-1976
50
735
-619
-1633
-99
2929
764
-536
574
-1845
755
4623
590
-6022
-257
7226
157
32767
0
8620
-317
-6523
271
3943
-302
-1498
-988
-1477
-1238
1473
-965
-2498
796
734
742
782
16
727
1731
809
586
-2605
-809
1025
2058
-2836
-38
-9330
-3119
-379
1853
5008
1593
1410
-3479
-981
866
-2607
3280
-2424
-1500
-411
-319
887
1028
-2349
-2996
-2370
-4206
1593
-4020
-2711
-1026
-2466
4727
2755
-966
1406
-10530
3717
-5581
1392
948
-1022
-2280
5360
-2961
-2009
1364
-6547
3220
1379
2825
-518
2015
732
69
1093
-2752
-3179
-2646
3087
-5
533
-2310
-5323
-5423
-1882
-963
-2066
1746
1747
-1669
-1460
-1708
-10010
-50
-1826
-211
387
1519
-2496
2913
2728
4683
1418
8294
2412
5808
1704
-720
-1784
-1930
4967
254
-707
2954
-7981
4062
2271
21
2077
-4074
-558
-3904
8140
-35
6127
6601
-3701
6634
-3699
-760
1230
-1926
-3749
640
-8800
486
-1016
2652
1870
803
-2658
-3903
-3441
1959
-2852
5024
-945
-2142
-2063
723
-2263
5159
-645
-4988
-2685
-8514
4268
633
5050
3119
-2410
1951
9629
3553
11534
389
-305
-4018
2062
-3569
-2888
-2996
-1776
-2997
8424
-35
-1558
2973
-3036
3004
2102
3542
-381
4050
11319
-288
9893
-3555
-2377
-1970
4889
-3085
4431
-775
-2663
8408
-672
5195
-2216
-5090
-2107
-877
-924
2226
-2827
-4941
-3435
-2114
-2712
3902
1808
-696
-856
-2689
-8757
-498
-3913
-653
1250
1874
-3602
866
-3814
-6532
5954
-6695
8255
-73
-461
3868
1949
4108
2433
76
-7907
-4035
-948
-3003
5046
-298
-1732
1903
1603
801
2471
-5693
1372
-8325
2781
-4746
-2442
-2926
295
-1560
-1644
202
-10007
46
-1658
1668
1823
1720
-2058
-1716
-1843
855
-5310
5409
369
2397
3187
-12
-3150
2602
996
2790
815
-19
-582
-1994
1449
-2814
-6443
-3223
-2229
-1431
5391
2903
-937
2355
1276
-961
3763
5404
1395
10582
2776
1178
-2358
-4759
-2807
915
1594
4013
-2291
4200
-2417
3058
870
-984
-367
251
-2400
1554
-2625
-3222
-1013
-987
1346
3494
4985
-1490
-175
-1945
-9297
3090
-3017
134
1082
-2091
-2602
782
744
-533
767
-1752
742
-32
800
-717
-2508
-822
1415
942
-1360
1243
-1639
993
4010
320
-6404
-274
8012
309
32756
14
9234
-325
-6631
267
3867
-283
-1353
-982
-1593
-1233
1527
-986
-2484
769
665
767
823
2
687
1709
872
639
-2604
-834
964
2022
-2654
56
-9357
-3145
-586
1758
5029
1694
1476
-3460
-948
743
-2587
3336
-2448
-1443
-455
-388
903
1070
-2278
-2931
-2448
-4212
1587
-4027
-2611
-1138
-2574
4690
2729
-751
1419
-10471
3667
-5761
1510
932
-1104
-2202
5322
-3017
-1783
1293
-6648
3217
1302
2836
-451
2037
646
119
1190
-2713
-3202
-2690
2981
-26
700
-2221
-5333
-5434
-1924
-1074
-2073
1773
1667
-1614
-1260
-1748
-10004
-56
-2016
-219
480
1477
-2547
2901
2669
4619
1467
8258
2350
5925
1805
-634
-1833
-1956
4880
208
-462
2903
-8048
4088
2099
122
2206
-4038
-652
-3939
8016
-145
6302
6502
-3581
6736
-3796
-647
1205
-1978
-3581
626
-8839
475
-1182
2613
1931
910
-2601
-3899
-3447
1798
-2876
5104
-968
-2051
-2017
566
-2310
5224
-621
-4772
-2704
-8618
4098
483
5211
3152
-2434
1934
9352
3549
11749
493
-219
-3982
2017
-3597
-2733
-2988
-1997
-3021
8414
-109
-1328
2947
-3187
3013
2137
3514
-452
4082
11090
-183
10162
-3555
-2333
-1991
4718
-3050
4596
-919
-2634
8293
-701
5407
-2167
-5012
-2153
-1037
-903
2309
-2801
-4849
-3428
-2275
-2766
3896
1741
-584
-693
-2725
-8706
-511
-4085
-664
1266
1819
-3499
974
-3928
-6421
5770
-6790
8372
-188
-353
3830
1815
4142
2597
179
-7822
-4004
-1202
-3054
5123
-345
-1671
1874
1496
884
2532
-5570
1325
-8356
2834
-4813
-2380
-2939
195
-1602
-1456
191
-9996
42
-1870
1626
1900
1773
-2046
-1682
-1805
742
-5291
5391
193
2490
3288
-29
-3114
2554
890
2828
903
33
-646
-1971
1518
-2802
-6326
-3225
-2461
-1502
5416
2840
-842
2433
1153
-969
3810
5216
1387
10631
2796
1406
-2241
-4788
-2906
795
1591
4005
-2205
4193
-2488
3123
849
-935
-321
178
-2374
1608
-2643
-3157
-1048
-1114
1279
3505
4956
-1379
37
-2039
-9254
3056
-3210
235
1138
-2124
-2595
751
674
-477
810
-1773
699
-49
868
-690
-2514
-849
1351
918
-1236
1249
-1783
998
4071
339
-6267
-277
7379
300
32767
0
8440
-60
-6837
444
4213
-935
-946
563
-1114
392
2677
-610
-1754
1749
-896
1112
-2269
402
-2499
-710
988
-513
321
3847
491
694
149
-1458
933
1872
348
-1848
-3170
-2488
2012
-209
3953
-1264
-723
845
1807
-757
756
-2248
-2395
1821
49
2198
-1196
2631
-1072
3756
870
425
-1740
-2452
-654
497
9
4861
-4059
2086
783
1784
6410
3992
120
-5479
1470
-10660
10548
-4813
5396
-622
-2974
2723
153
256
4969
-2939
299
-29
-4740
1028
5263
3338
8767
-985
-1843
-10286
772
-3695
3499
3283
675
-326
4831
-793
-438
-1086
-656
437
5490
7039
-5081
6342
-5355
-2293
3113
-2668
1206
3479
3877
526
2188
931
-442
6141
1885
-1566
-4470
-2270
-3011
4013
884
-2682
-3454
-1880
384
3993
-145
343
-3134
556
3199
1518
4656
1234
4374
2067
3071
-2997
1130
-4220
3653
1413
-113
2884
880
1868
7304
4061
2559
2127
-108
-7344
-1572
-6682
-5649
-1345
-2302
-6429
-2525
-2287
-1405
2951
4091
-6912
-2656
-6343
-2942
1732
10267
1454
9510
3703
-48
5651
-2808
68
-165
-5613
9341
-3782
10436
-1440
-2754
-1793
-2817
6181
4089
7071
-1292
-2871
-2574
2100
-2236
6498
-5652
1364
-1660
6547
-96
7473
2439
-1991
7320
-4102
1014
-1878
-202
-2862
3657
-1497
1157
4148
3008
3099
4385
-2030
4633
-1261
3301
-1498
-3079
-604
-248
-279
477
-3995
-3475
1738
836
2809
-2878
-3999
-4575
2129
1845
1729
-397
-6119
2084
-1050
3937
-435
1187
-3520
3148
2559
-5175
2416
-5281
-6219
5440
-7130
-505
-532
-580
1106
4854
775
710
384
3434
-3276
911
3482
-1956
10330
8626
1177
5488
-3367
-4693
-1047
145
-15
4982
2923
271
-158
-3019
-2751
5197
558
10610
4708
1638
10612
5
5686
6384
-3929
950
-1855
-4082
-2012
-49
-4878
-596
-597
-1777
2457
854
-346
-1020
-3736
-1240
-2668
77
-2178
-2383
-1876
668
2202
1865
829
-746
-876
3876
1256
2141
216
-3165
2430
277
1933
965
-1874
138
1404
501
-586
303
-3879
1012
446
-2437
747
-2326
-401
-868
-1082
-1798
-1775
2634
584
-992
-353
-1092
-599
4293
940
-6714
-426
7826
40
32756
17
9059
-80
-6949
461
4124
-928
-797
527
-1235
431
2716
-634
-1706
1721
-925
1143
-2211
402
-2560
-674
962
-578
340
3811
480
803
162
-1509
901
1865
417
-1761
-3170
-2545
1880
-204
4028
-1269
-696
813
1746
-685
844
-2292
-2405
1763
19
2218
-1151
2594
-1123
3776
883
505
-1700
-2445
-713
396
68
4841
-4031
2164
613
1714
6431
4050
241
-5265
1302
-10705
10479
-4922
5599
-688
-2924
2693
31
355
4953
-2953
456
-78
-4782
1010
5030
3306
8905
-791
-1721
-10234
628
-3913
3563
3285
643
-264
4803
-811
-290
-1066
-808
342
5534
6943
-4871
6465
-5536
-2163
3071
-2777
1229
3433
3813
620
2295
812
-486
6158
1920
-1396
-4358
-2412
-3146
4020
928
-2547
-3427
-2024
287
3987
-40
411
-3185
507
3091
1537
4680
1207
4363
2102
3135
-2890
1105
-4291
3645
1324
-21
2907
745
1859
7282
4017
2683
2263
-120
-7206
-1483
-6819
-5642
-1332
-2371
-6353
-2474
-2478
-1520
3025
4086
-6743
-2487
-6507
-3131
1665
10086
1470
9681
3623
76
5688
-2807
208
-283
-5570
9163
-3862
10604
-1428
-2553
-1852
-2981
6010
4081
7231
-1171
-2782
-2624
1906
-2170
6566
-5651
1388
-1753
6404
-84
7602
2317
-1846
7331
-4143
1157
-1890
-291
-2838
3659
-1583
1188
4070
2942
3204
4396
-1988
4608
-1290
3404
-1477
-3017
-654
-357
-214
571
-3991
-3492
1586
782
2939
-2738
-3978
-4680
1977
1799
1896
-346
-6089
1974
-1178
3997
-342
1170
-3558
3180
2442
-4982
2543
-5487
-6085
5377
-7223
-341
-635
-728
1126
4872
757
752
444
3362
-3265
1058
3256
-2068
10369
8469
1383
5723
-3395
-4636
-1068
-18
-62
4991
2902
398
-53
-3061
-2777
4984
490
10668
4597
1821
10556
-112
5904
6350
-3856
1127
-1932
-4101
-1934
-116
-4892
-535
-703
-1814
2459
835
-262
-965
-3711
-1286
-2708
103
-2158
-2367
-1932
574
2151
1925
905
-767
-906
3791
1246
2276
225
-3157
2368
200
2020
998
-1873
126
1344
511
-473
285
-3909
1035
372
-2369
785
-2385
-399
-841
-1051
-1842
-1801
2584
555
-861
-311
-1241
-636
4368
943
-6573
-406
7187
19
32767
0
8461
-92
-6363
249
4633
-599
-1478
-26
-770
-345
2480
-966
-4449
1152
-81
912
2328
-256
1219
-299
3359
-1078
-308
-57
1368
67
2402
363
-1903
2431
-709
273
-3489
-1129
-2860
-548
728
-2495
-4945
-2902
-1027
-4322
2066
-3472
-5117
-190
861
-4756
2931
-4124
-4245
-259
-1612
-7188
-1863
-4336
-1487
2665
2342
-2419
-2188
-94
-1535
1517
495
-4848
-5854
-207
-7533
3890
-3256
898
3911
-401
4655
-2494
-1872
1468
2512
4042
3276
-1119
-6769
2823
-3586
4182
3092
-5011
1879
-2847
824
4045
-2849
2154
-3996
-128
-1252
-3229
-995
-7152
-1296
-342
-3775
11824
-2870
9106
2364
-866
2901
1927
3284
4547
2437
-1212
2831
-2770
8015
-3153
546
-850
-6025
6779
3439
6176
2018
1870
-5083
1695
-2151
-483
-1918
437
-78
3771
2752
-586
2799
-5412
5397
-2027
-2858
1215
-8509
546
2881
3309
245
2571
-8396
-2430
-1108
3856
-650
4580
-3148
-7851
3112
-3975
2444
2097
117
-6897
1869
-6593
2240
-2301
5259
-1371
4650
5148
-361
1688
-558
-7067
-569
-4891
-536
-1519
936
-14
-506
1489
-587
4803
-537
7126
-414
-1501
4566
-5227
5314
1291
2265
2293
1886
6479
134
7033
2366
-2025
3196
3763
-3083
7984
-749
-4400
-969
-4016
-8383
2433
21
-2471
3045
-3369
-8403
-555
-3090
-1219
5380
1930
2839
5421
2753
715
0
-3772
-1935
-511
-2095
523
-5101
-1682
1849
-1842
3584
-6081
-5953
-6872
313
730
8031
3168
2916
2762
2396
1300
3299
-4485
2889
-2048
2423
943
-2784
-8910
-3820
-11946
-1317
109
-999
7153
-1223
3320
-3955
155
-2923
-2090
790
-4082
1851
2692
3119
5119
-3418
-4060
-6871
-2953
3128
1159
2649
-3979
-1914
-1586
4550
2498
4026
433
-3146
-859
-7492
-3864
-5959
58
433
4887
-1448
-1419
-2270
-21
2329
2493
-1401
-2654
-1917
4152
-1543
7292
-4289
306
2809
4012
1032
4848
-5156
202
1964
3398
-865
4356
-5012
2905
686
2524
-2758
566
-3562
1114
-697
-213
-1928
-2437
2330
-401
1452
-52
-361
33
3340
1079
1260
310
2284
258
50
-881
-4495
-1183
2386
945
-624
371
-1629
10
4698
606
-6230
-240
7851
81
32756
11
9077
-103
-6484
257
4559
-591
-1324
-42
-915
-318
2568
-985
-4396
1120
-215
944
2371
-254
1181
-287
3374
-1076
-251
-81
1282
82
2472
326
-1875
2423
-723
334
-3412
-1143
-2962
-532
766
-2465
-4873
-2899
-1190
-4287
2165
-3547
-5071
-183
684
-4659
3051
-4236
-4195
-216
-1684
-7077
-1808
-4521
-1573
2670
2350
-2339
-2101
-214
-1624
1612
554
-4803
-5743
-360
-7573
3913
-3367
940
3792
-368
4759
-2486
-1823
1346
2371
4103
3423
-1074
-6658
2690
-3758
4303
3061
-4894
1909
-3004
857
4002
-2772
2219
-4035
-101
-1283
-3136
-990
-7148
-1275
-578
-3728
11693
-2957
9304
2302
-780
2914
1802
3267
4606
2479
-1121
2745
-2779
7993
-3137
785
-970
-6092
6680
3285
6271
2190
1900
-5060
1707
-2211
-442
-1899
363
-159
3767
2750
-453
2760
-5400
5409
-2127
-2620
1210
-8610
539
2707
3245
472
2672
-8403
-2421
-1255
3689
-549
4759
-3210
-7706
3022
-4192
2524
2165
102
-6751
1851
-6709
2217
-2312
5200
-1450
4735
5062
-303
1879
-580
-7001
-550
-4983
-565
-1551
934
-46
-475
1459
-607
4711
-515
7181
-468
-1306
4476
-5304
5370
1204
2292
2286
1901
6360
153
7171
2284
-1942
3279
3542
-3011
8115
-853
-4207
-828
-4180
-8361
2430
-214
-2364
3208
-3430
-8285
-567
-3331
-1221
5357
1829
2883
5427
2751
850
83
-3769
-1951
-590
-2038
562
-5114
-1667
1670
-1815
3731
-5982
-5869
-6966
68
602
8042
3183
3010
2753
2353
1389
3315
-4417
2876
-2175
2483
1019
-2690
-8701
-3866
-12069
-1341
-138
-1003
7148
-1194
3417
-3911
184
-3000
-2023
753
-4117
1821
2526
3144
5229
-3238
-3925
-6973
-3089
2965
1196
2792
-3907
-1954
-1712
4435
2500
4145
469
-3028
-818
-7447
-3834
-6069
-98
364
4922
-1354
-1311
-2354
-144
2312
2568
-1307
-2636
-1973
3955
-1473
7397
-4331
362
2676
3891
1211
4943
-5190
218
1850
3317
-695
4391
-5078
2909
637
2553
-2648
586
-3639
1097
-687
-150
-1951
-2442
2251
-442
1540
-36
-415
8
3317
1080
1305
323
2235
260
188
-848
-4538
-1214
2282
921
-470
399
-1782
-5
4755
613
-6079
-230
7216
69
32767
0
8848
-160
-6695
468
3350
-2
-749
821
-1107
758
1867
832
685
439
1449
-2545
-2056
-395
-1544
1806
861
-1865
349
-2906
-134
-1448
-2461
-2386
369
-3028
661
1045
-2691
2449
1149
-2194
1335
-2182
-316
-921
1148
-624
176
1741
-362
1700
-2234
4079
-1676
4561
39
864
-1976
-1610
1180
-4909
2220
1538
-2332
2462
-1679
-9061
-952
-3351
-4398
-1889
-5248
-8512
3706
-964
9678
-5307
-166
-5303
-3901
8078
2858
2178
3791
-345
4018
5469
3931
1467
524
-573
-2550
-3437
-2821
-5623
2752
-2215
4741
2427
-219
4728
-664
-736
2131
-983
3360
1747
3565
-2923
-246
-3317
-3037
-3554
1601
-2173
2911
57
749
-5850
3798
-2174
-462
1947
-5164
-4037
1569
432
932
3564
-4417
-4037
-8059
-5135
-11022
2658
-3764
5295
-3022
-1185
-4716
576
4598
3666
2266
-2731
-2905
-2568
-4945
-3271
-9187
-4603
1932
1873
5305
253
-4020
-225
1561
4295
2663
1394
-6361
1248
-6326
636
1849
-4345
7433
-5125
3851
-2655
274
2246
-2801
177
-1761
-4369
6031
3456
193
2707
-5007
-8221
-936
-139
-4953
8285
-6
-2509
6083
-3609
-1632
4331
-2862
-51
234
-2306
3755
2579
7441
5104
2011
4407
-6224
-558
-6472
-1284
2527
-1332
1716
-4307
-4070
137
5149
-167
2180
-1947
-9136
4526
-5048
3346
-2920
2518
2117
2818
4712
-3603
-4606
-696
-3120
1270
-3626
-5224
-10978
-2799
-8150
5045
-4477
4160
823
-3486
1675
-583
-5116
4084
-618
-1880
3827
2013
768
5918
2861
-1
1695
2092
-3010
3578
-340
3291
3538
2993
3376
-1710
2166
900
-616
836
-292
-4689
4685
-2514
2862
2137
-2768
5599
-2592
3517
459
587
3890
-1382
4042
-5476
3772
230
2943
-1987
-3816
-8171
-368
5076
9620
5480
3915
869
-5178
8475
-4466
2045
-986
3163
-1634
9148
-2379
-2281
2154
-1704
1266
4902
-1982
1676
19
-816
-1623
-4506
-2268
-4139
-377
-1705
155
-1763
1153
587
-299
927
1281
2139
1223
2257
-2682
-2393
586
-1132
445
2996
-2469
2420
-170
1439
349
2882
862
1931
-1479
-1778
-2115
314
1426
2569
695
-394
1852
-847
-1017
-746
-870
-838
3429
2
-6593
-465
8243
146
32756
15
9459
-174
-6787
470
3264
-2
-626
804
-1197
771
1879
817
677
484
1471
-2518
-1994
-477
-1608
1833
857
-1798
351
-2930
-98
-1458
-2450
-2352
293
-3058
734
956
-2697
2503
1072
-2129
1390
-2226
-332
-915
1141
-659
197
1718
-348
1696
-2198
4017
-1729
4615
57
915
-1968
-1544
1092
-4911
2284
1368
-2281
2640
-1724
-8963
-919
-3546
-4328
-1734
-5316
-8542
3492
-1068
9730
-5128
44
-5528
-3985
7974
2767
2377
3811
-460
3994
5456
3972
1556
591
-559
-2505
-3355
-2873
-5645
2638
-2294
4795
2339
-142
4764
-712
-632
2094
-1067
3342
1781
3590
-2849
-149
-3345
-3060
-3528
1502
-2255
2961
110
732
-5775
3765
-2339
-301
2011
-5208
-3983
1457
276
1042
3641
-4355
-3908
-7965
-5224
-11063
2510
-3909
5364
-2924
-1094
-4822
454
4476
3726
2418
-2638
-2888
-2619
-4841
-3194
-9231
-4679
1674
1792
5459
342
-3962
-313
1398
4279
2798
1459
-6243
1210
-6428
714
1682
-4279
7421
-5146
3950
-2732
316
2181
-2737
306
-1891
-4401
5970
3293
399
2906
-5058
-8145
-941
-428
-4893
8342
-211
-2299
6131
-3764
-1495
4286
-2925
81
193
-2365
3657
2499
7446
5081
2177
4469
-6115
-475
-6582
-1322
2382
-1271
1875
-4315
-4114
43
4982
-78
2435
-2021
-9077
4441
-5158
3425
-2934
2468
1961
2904
4824
-3532
-4486
-822
-3222
1355
-3485
-5145
-10926
-2945
-8247
4947
-4538
4285
708
-3398
1782
-741
-5060
4128
-783
-1804
3853
1844
791
5986
2806
61
1793
2006
-2979
3603
-439
3264
3509
3064
3394
-1668
2202
812
-565
938
-367
-4645
4623
-2605
2976
2054
-2709
5571
-2637
3602
391
603
3845
-1294
4067
-5479
3752
103
3030
-1787
-3720
-8260
-581
4828
9551
5662
4136
774
-5098
8428
-4537
2215
-1023
2966
-1586
9232
-2427
-2083
2081
-1877
1355
4890
-1985
1748
-3
-766
-1566
-4445
-2304
-4203
-393
-1712
135
-1784
1157
548
-279
934
1223
2093
1299
2320
-2669
-2332
506
-1222
523
2960
-2475
2455
-210
1430
348
2855
863
1999
-1410
-1745
-2175
229
1398
2592
707
-344
1834
-863
-920
-732
-994
-855
3503
0
-6474
-461
7613
130
14043
0
1905
-11355
-5226
-1888
-209
-295
-2523
-1005
-197
1899
661
-1868
-2969
-291
-494
1853
-497
334
-318
2013
1631
774
626
-66
1249
-319
-461
-1540
-939
933
1047
-150
-1389
-542
-6
2200
1718
114
678
389
3055
-843
-253
-4262
-2798
-370
-98
-452
-3223
-901
-1358
3963
3089
388
-1279
-2118
-1822
1964
933
1627
791
685
1133
319
604
8
1437
176
735
-1789
-1297
405
3024
1425
2898
-5099
-4844
-4574
-4619
2635
599
2658
346
-271
-997
375
-665
869
-938
1862
1808
3131
3695
-927
-896
-2074
275
2616
5096
-1410
-658
-6398
-5467
-1139
-2763
2871
-16
3559
3390
2138
3033
-2221
-256
-2524
-740
-1668
-2404
-1491
-2820
1602
343
2483
1238
-204
-1555
-742
-1674
3038
3037
2680
1645
-1555
-250
1825
5461
447
1418
-6253
-3393
-1081
1502
-858
-3327
-4682
-5625
2797
677
3173
-918
918
1273
3675
3652
-1144
-1181
-1876
-306
946
-279
-173
-106
2101
2995
243
583
-1834
841
-758
-905
-3329
-4452
1598
2830
4470
4359
-3535
-2537
-4545
-4680
-40
-2629
4477
4258
3657
2977
-4384
-4412
-1743
-1006
3336
871
784
537
1811
2999
-164
-45
-2132
-314
165
-261
-941
-1234
1807
3596
1246
1376
-3661
-960
-962
726
-3085
-5529
-2924
-3475
4630
1535
970
-3347
959
1252
6269
5519
-307
-185
-1905
1557
1569
3095
-2598
-1611
-3101
-1607
703
1212
251
396
-2454
-2783
-1658
-2444
1458
-748
1674
-288
2495
2974
2276
3437
-2070
37
-3565
-2705
-2895
-5462
1019
-812
6381
5093
1556
385
-2650
-968
2006
3656
1018
1884
-3109
-927
-1901
-667
-869
-997
-397
307
289
650
-2595
-4524
-2719
-4944
4456
2787
5198
3112
-1353
-1277
-479
682
1804
1460
-152
599
-19
1134
-302
790
-686
949
-1592
-1765
-2011
-1363
2069
3077
-273
-1241
-3994
-3281
826
-98
511
-2759
297
-359
4252
3071
926
699
-418
1696
-74
60
-2205
-1424
490
1037
202
-896
-966
-512
1522
1254
352
619
54
1630
-731
-273
-2032
-529
-341
-445
-1828
-2976
208
591
1921
-111
-1879
-2559
937
-186
363
-5159
1721
1603
11313
14037
357
2209
-11387
-5287
-2059
-236
-228
-2484
-1070
-283
1915
730
-1813
-2959
-374
-545
1875
-466
330
-362
1992
1630
818
635
-78
1242
-286
-410
-1557
-982
898
1054
-97
-1351
-593
-74
2193
1738
156
658
359
3036
-761
-145
-4269
-2835
-447
-101
-393
-3162
-975
-1475
3927
3098
506
-1190
-2165
-1879
1914
915
1662
792
685
1132
335
611
-3
1413
198
788
-1772
-1315
329
2931
1495
3008
-4995
-4738
-4692
-4714
2547
544
2721
385
-252
-997
352
-664
868
-948
1823
1731
3152
3732
-834
-819
-2142
164
2578
5094
-1260
-501
-6410
-5469
-1263
-2823
2845
-70
3553
3339
2207
3093
-2163
-222
-2554
-733
-1662
-2362
-1523
-2857
1544
287
2512
1265
-154
-1501
-782
-1736
2971
2975
2762
1734
-1537
-313
1741
5397
588
1587
-6230
-3435
-1209
1462
-745
-3173
-4730
-5719
2663
622
3261
-871
875
1168
3684
3707
-1038
-1124
-1946
-353
948
-242
-179
-167
2066
2988
325
632
-1856
809
-733
-803
-3319
-4488
1448
2675
4554
4459
-3406
-2439
-4614
-4679
-122
-2722
4405
4150
3779
3127
-4290
-4365
-1892
-1113
3339
901
814
492
1785
3001
-81
19
-2163
-352
155
-215
-935
-1285
1733
3534
1348
1484
-3644
-1002
-1011
773
-2993
-5425
-3052
-3629
4570
1565
1089
-3294
834
1080
6279
5574
-158
-113
-1986
1464
1579
3152
-2510
-1543
-3165
-1660
659
1182
300
451
-2422
-2743
-1715
-2486
1422
-757
1682
-320
2464
2910
2332
3486
-1996
94
-3571
-2644
-2920
-5454
894
-973
6359
5085
1712
504
-2681
-1042
1930
3612
1112
1964
-3083
-915
-1942
-670
-870
-996
-420
265
306
701
-2528
-4422
-2804
-5047
4328
2665
5301
3205
-1273
-1251
-558
624
1818
1484
-125
593
-32
1134
-285
789
-687
964
-1556
-1702
-2057
-1451
2014
3060
-152
-1116
-4022
-3339
744
-101
573
-2715
222
-471
4237
3084
1015
723
-448
1672
-34
131
-2206
-1459
433
1025
256
-849
-999
-565
1501
1259
388
612
41
1628
-685
-224
-2050
-561
-349
-395
-1801
-2980
120
515
1974
-22
-1854
-2594
864
-167
435
-5084
1551
1290
11260
