0.05469 
0.03438 
0.05625
0.04062 
0.04844 
0.02031 
0.04219 
0.03281 
0.03438 
0.04375
0.0375 
0.05156 
0.03594 
0.05469
0.05469 
0.09063 
0.03906 
0.05781 
0.03438 
0.02969 
0.06094 
0.02656 
0.03281 
0.03438 
0.05156 
0.04688 
0.05937 
0.03906 
0.04688 
0.02187 
0.06406 
0.04531 
0.00938 
0.06094 
0.025 
0.05313 
0.03438 
0.05781 
0.04844 
0.03594 
0.05781 
0.05937 
0.025 
0.04219 
0.0375 
0.04844 
0.04844 
0.03281 
0.03594 
0.04531 
0.0625
0.03438 
0.05156 
0.05313 
0.06719 
0.00938 
0.47969 
0.02344 
0.02969 
0.475 
0.47813 
0.04219 
0.04688 
0.47969 
0.48906 
0.07812
0.05 
0.01875 
0.0125 
0.00469