0.00268 
0 
0.00804 
0.00536
0.00089
0.01429 
0.01518 
0.00982 
0.00089 
0.00357 
0.00268 
0.00625 
0.00625 
0.0125 
0.00625 
0.00268 
0.00714 
0.00357 
0.00714 
0.00804 
0.00268 
0.00714 
0 
0.00625 
0.00893 
0.00446 
0.00179 
0.00982 
0.00625 
0.00893 
0 
0 
0 
0.00179 
0 
0.00179 
0.00446 
0.00179
0.00357 
0.00625 
0.00179 
0.00268 
0.00804 
0.00268 
0.00625 
0.00625 
0.00893 
0.00268 
0.01518
0.00714 
0.00446 
0.00536 
0.00446 
0.00446 
0 
0.00179 
0.00357 
0 
0 
0 
0.03839 
0.04286 
0.02768 
0.03393 
0.05179 
0.07679 
0.07589 
0.08304 
0.08304 
0.0875 
0.08482 
0.07857 
0.09286 
0.05714 
0.08036 
0.09196 
0.1125 
0.08304 
0.10446 
0.09286 
0.03661 
0.05893 
0.03661 
0.03929 
0.04643 
0.04375 
0.03839 
0.03571 
0.04375 
0.10714 
0.11964 
0.10893 
0.12321 
0.11518 
0.10536 
0.11161 
0.12143 
0.125 
0.10982 
0.13929 
0.14554 
0.15625 
0.12232
0.0875 
0.10625 
0.07946 
0.09911 
0.06875
0.07857
0.10268
0.12946
0.10268 
0.10179 
0 
0 
0 
0 
0
0 
0 
0 
0 
0 
0 
0 
0 
0 
0 
0 
0 
0 
0 
0 