0.03929
0.03214
0.22589
0.19821
0.23661
0.15982 
0.22857 
0.21696 
0.25357 
0.1625 
0.20357 
0.15804
0.2
0.20625 
0.20179 
0.18304 
0.28929 
0.21518 
0.24107 
0.18839
0.21339 
0.175 
0.24286 
0.11696 
0.24107 
0.14196 
0.26696 
0.17768 
0.01875 
0.0375 
0.03482 
0.07768 
0.11607 
0.08929 
0.10804 
0.09821 
0.12232 
0.09732 
0.0875 
0.07321 
0.10625 
0.06786 
0.06786 
0.08571 
0.12321 
0.06696 
0.11786 
0.08304 
0.11429 
0.08929
0.10625 
0.10714 
0.11429 
0.10714 
0.10982 
0.09911 
0.09732 
0.08393 
0.09196 
0.10446 
0.1 
0.10982 
0.11161 
0.07232 
0.09911 
0.12589 
0.09821 
0.08661 
0.09643 
0.09286 
0.09821 
0.08571 
0.075 
0.08036 
0.09196 
0.10714
0.09554 
0.09643 
0.07232 
0.07589 
0.08482
0.08571 
0.10179 
0.11696 
0.09286 
0.09464 
0.09821 
0.1125
0.11696 
0.09643 
0.08214 